1.000000000000000000e+03 7.321729999999999759e-16
1.010000000000000114e+03 9.006379999999999434e-16
1.019999999999999886e+03 1.100389999999999920e-15
1.030000000000000000e+03 1.336179999999999951e-15
1.040000000000000000e+03 1.613360000000000050e-15
1.050000000000000000e+03 1.938060000000000178e-15
1.060000000000000000e+03 2.317240000000000159e-15
1.070000000000000000e+03 2.758610000000000072e-15
1.080000000000000000e+03 3.271180000000000037e-15
1.090000000000000000e+03 3.864760000000000109e-15
1.100000000000000000e+03 4.550619999999999780e-15
1.110000000000000000e+03 5.341359999999999688e-15
1.120000000000000000e+03 6.251179999999999945e-15
1.130000000000000000e+03 7.296080000000000022e-15
1.140000000000000000e+03 8.493849999999999762e-15
1.150000000000000000e+03 9.864450000000000379e-15
1.160000000000000000e+03 1.143020000000000023e-14
1.170000000000000000e+03 1.321559999999999962e-14
1.180000000000000000e+03 1.524890000000000054e-14
1.190000000000000000e+03 1.756059999999999903e-14
1.200000000000000000e+03 2.018470000000000158e-14
1.210000000000000000e+03 8.003589999999999625e-13
1.220000000000000000e+03 1.874169999999999879e-12
1.230000000000000000e+03 3.314740000000000071e-12
1.240000000000000000e+03 5.209490000000000252e-12
1.250000000000000000e+03 7.662370000000000600e-12
1.260000000000000000e+03 1.079630000000000076e-11
1.270000000000000000e+03 1.475650000000000159e-11
1.280000000000000000e+03 1.971279999999999977e-11
1.290000000000000000e+03 2.586410000000000003e-11
1.300000000000000000e+03 3.344160000000000242e-11
1.310000000000000000e+03 4.271410000000000194e-11
1.320000000000000000e+03 5.399100000000000127e-11
1.330000000000000000e+03 6.762910000000000069e-11
1.340000000000000000e+03 8.403559999999999464e-11
1.350000000000000000e+03 1.036790000000000020e-10
1.360000000000000000e+03 1.270919999999999888e-10
1.370000000000000000e+03 1.548730000000000038e-10
1.380000000000000227e+03 1.877060000000000082e-10
1.390000000000000227e+03 2.263589999999999987e-10
1.400000000000000227e+03 2.717060000000000024e-10
1.409999999999999773e+03 3.234270000000000144e-10
1.419999999999999773e+03 3.834109999999999801e-10
1.429999999999999773e+03 4.527440000000000136e-10
1.440000000000000000e+03 5.326439999999999651e-10
1.450000000000000000e+03 6.244429999999999911e-10
1.460000000000000000e+03 7.318949999999999836e-10
1.470000000000000000e+03 8.550159999999999765e-10
1.480000000000000000e+03 9.956600000000000545e-10
1.490000000000000000e+03 1.155850000000000098e-09
1.500000000000000000e+03 6.136289999999999703e-10
1.510000000000000000e+03 7.483020000000000077e-10
1.520000000000000000e+03 9.066619999999999654e-10
1.530000000000000000e+03 1.091859999999999991e-09
1.540000000000000000e+03 1.307409999999999934e-09
1.550000000000000000e+03 1.557079999999999962e-09
1.560000000000000000e+03 1.842779999999999917e-09
1.570000000000000000e+03 2.170559999999999999e-09
1.580000000000000000e+03 2.545029999999999844e-09
1.590000000000000000e+03 2.971159999999999902e-09
1.600000000000000000e+03 3.454129999999999941e-09
1.610000000000000000e+03 3.959540000000000163e-09
1.620000000000000000e+03 4.521789999999999954e-09
1.630000000000000000e+03 5.145069999999999894e-09
1.640000000000000000e+03 5.833629999999999841e-09
1.650000000000000000e+03 6.591750000000000114e-09
1.660000000000000000e+03 7.435039999999999587e-09
1.670000000000000000e+03 8.358779999999999956e-09
1.680000000000000000e+03 9.367700000000000232e-09
1.690000000000000000e+03 1.046660000000000023e-08
1.700000000000000227e+03 1.166059999999999921e-08
1.710000000000000227e+03 1.304200000000000025e-08
1.719999999999999773e+03 1.454690000000000071e-08
1.729999999999999773e+03 1.618290000000000126e-08
1.739999999999999773e+03 1.795809999999999985e-08
1.750000000000000000e+03 1.988130000000000082e-08
1.760000000000000000e+03 2.203890000000000089e-08
1.770000000000000000e+03 2.437739999999999897e-08
1.780000000000000000e+03 2.690760000000000002e-08
1.790000000000000000e+03 2.964249999999999892e-08
1.800000000000000000e+03 3.259459999999999992e-08
1.810000000000000000e+03 3.582179999999999721e-08
1.820000000000000000e+03 3.930239999999999861e-08
1.830000000000000000e+03 4.305180000000000306e-08
1.840000000000000000e+03 4.708760000000000271e-08
1.850000000000000000e+03 5.142769999999999933e-08
1.860000000000000000e+03 5.366439999999999844e-08
1.870000000000000000e+03 5.594730000000000097e-08
1.880000000000000000e+03 5.827819999999999837e-08
1.890000000000000000e+03 6.065680000000000089e-08
1.900000000000000000e+03 6.308650000000000047e-08
1.910000000000000000e+03 7.018459999999999440e-08
1.920000000000000000e+03 7.720050000000000364e-08
1.930000000000000000e+03 8.407579999999999374e-08
1.940000000000000000e+03 9.078090000000000526e-08
1.950000000000000000e+03 9.731699999999999719e-08
1.960000000000000000e+03 1.036980000000000065e-07
1.970000000000000000e+03 1.099669999999999947e-07
1.980000000000000000e+03 1.161710000000000018e-07
1.990000000000000000e+03 1.223609999999999930e-07
2.000000000000000000e+03 1.285840000000000084e-07
2.010000000000000227e+03 1.339829999999999895e-07
2.020000000000000227e+03 1.394370000000000064e-07
2.030000000000000227e+03 1.449839999999999965e-07
2.039999999999999773e+03 1.506610000000000016e-07
2.050000000000000000e+03 1.564960000000000006e-07
2.060000000000000000e+03 1.625879999999999998e-07
2.070000000000000000e+03 1.688990000000000091e-07
2.080000000000000000e+03 1.754469999999999960e-07
2.090000000000000000e+03 1.822520000000000096e-07
2.100000000000000000e+03 1.893319999999999910e-07
2.110000000000000000e+03 1.968160000000000069e-07
2.120000000000000000e+03 2.046120000000000060e-07
2.130000000000000000e+03 2.127360000000000065e-07
2.140000000000000000e+03 2.211979999999999932e-07
2.150000000000000000e+03 2.300140000000000108e-07
2.160000000000000000e+03 2.393570000000000171e-07
2.170000000000000000e+03 2.490829999999999812e-07
2.180000000000000000e+03 2.592080000000000007e-07
2.190000000000000000e+03 2.697390000000000042e-07
2.200000000000000000e+03 2.806869999999999775e-07
2.210000000000000000e+03 2.929970000000000130e-07
2.220000000000000000e+03 3.057890000000000127e-07
2.230000000000000000e+03 3.190720000000000132e-07
2.240000000000000000e+03 3.328590000000000029e-07
2.250000000000000000e+03 3.471570000000000162e-07
2.260000000000000000e+03 3.649109999999999779e-07
2.270000000000000000e+03 3.833259999999999743e-07
2.280000000000000000e+03 4.024109999999999894e-07
2.290000000000000000e+03 4.221739999999999792e-07
2.300000000000000000e+03 4.426199999999999758e-07
2.310000000000000000e+03 4.632710000000000195e-07
2.320000000000000000e+03 4.846179999999999525e-07
2.330000000000000000e+03 5.066610000000000395e-07
2.340000000000000000e+03 5.293980000000000134e-07
2.350000000000000000e+03 5.528230000000000263e-07
2.360000000000000000e+03 5.709669999999999537e-07
2.370000000000000000e+03 5.894719999999999993e-07
2.380000000000000000e+03 6.083140000000000300e-07
2.390000000000000000e+03 6.274749999999999724e-07
2.400000000000000000e+03 6.470420000000000046e-07
2.410000000000000000e+03 6.637350000000000072e-07
2.420000000000000000e+03 6.807440000000000505e-07
2.430000000000000000e+03 6.980779999999999595e-07
2.440000000000000000e+03 7.157400000000000285e-07
2.450000000000000000e+03 7.337370000000000275e-07
2.460000000000000000e+03 7.524050000000000197e-07
2.470000000000000000e+03 7.714610000000000283e-07
2.480000000000000000e+03 7.909080000000000304e-07
2.490000000000000000e+03 8.107540000000000348e-07
2.500000000000000000e+03 8.309999999999999635e-07
2.510000000000000000e+03 8.519859999999999900e-07
2.520000000000000000e+03 8.735010000000000077e-07
2.530000000000000000e+03 8.955479999999999933e-07
2.540000000000000000e+03 9.181330000000000066e-07
2.550000000000000000e+03 9.412609999999999739e-07
2.560000000000000000e+03 9.656130000000000585e-07
2.570000000000000000e+03 9.905440000000000321e-07
2.580000000000000000e+03 1.016049999999999996e-06
2.590000000000000000e+03 1.042139999999999987e-06
2.600000000000000000e+03 1.068810000000000106e-06
2.610000000000000000e+03 1.097700000000000095e-06
2.620000000000000000e+03 1.127159999999999937e-06
2.630000000000000000e+03 1.157190000000000054e-06
2.640000000000000000e+03 1.187779999999999959e-06
2.650000000000000000e+03 1.218930000000000076e-06
2.660000000000000000e+03 1.257430000000000004e-06
2.670000000000000000e+03 1.296450000000000098e-06
2.680000000000000000e+03 1.335950000000000101e-06
2.690000000000000000e+03 1.375930000000000013e-06
2.700000000000000000e+03 1.416350000000000000e-06
2.710000000000000000e+03 1.469390000000000004e-06
2.720000000000000000e+03 1.522540000000000080e-06
2.730000000000000000e+03 1.575770000000000034e-06
2.740000000000000000e+03 1.629050000000000098e-06
2.750000000000000000e+03 1.682340000000000015e-06
2.760000000000000455e+03 2.925500000000000196e-06
2.770000000000000455e+03 4.245970000000000108e-06
2.780000000000000455e+03 5.641080000000000376e-06
2.790000000000000455e+03 7.108099999999999758e-06
2.800000000000000455e+03 8.644199999999999332e-06
2.810000000000000455e+03 1.030810000000000046e-05
2.819999999999999545e+03 1.204849999999999992e-05
2.829999999999999545e+03 1.386120000000000037e-05
2.839999999999999545e+03 1.574189999999999916e-05
2.849999999999999545e+03 1.768670000000000127e-05
2.859999999999999545e+03 1.987740000000000047e-05
2.870000000000000000e+03 2.214489999999999867e-05
2.880000000000000000e+03 2.448279999999999876e-05
2.890000000000000000e+03 2.688429999999999940e-05
2.900000000000000000e+03 2.934300000000000010e-05
2.910000000000000000e+03 3.194479999999999949e-05
2.920000000000000000e+03 3.461880000000000133e-05
2.930000000000000000e+03 3.736020000000000188e-05
2.940000000000000000e+03 5.420080000000000037e-02
2.950000000000000000e+03 1.153560000000000002e-01
2.960000000000000000e+03 1.831720000000000015e-01
2.970000000000000000e+03 2.579080000000000261e-01
2.980000000000000000e+03 3.396549999999999847e-01
2.990000000000000000e+03 4.284890000000000088e-01
3.000000000000000000e+03 5.244630000000000125e-01
3.010000000000000000e+03 5.279920000000000169e-01
3.020000000000000000e+03 5.314069999999999627e-01
3.030000000000000000e+03 5.347049999999999859e-01
3.040000000000000000e+03 5.378840000000000288e-01
3.050000000000000000e+03 5.409439999999999804e-01
3.060000000000000000e+03 5.431749999999999634e-01
3.070000000000000000e+03 5.453189999999999982e-01
3.080000000000000000e+03 5.473780000000000312e-01
3.090000000000000000e+03 5.493510000000000337e-01
3.100000000000000000e+03 5.512390000000000345e-01
3.110000000000000000e+03 5.526510000000000034e-01
3.120000000000000000e+03 5.539899999999999824e-01
3.130000000000000000e+03 5.552580000000000293e-01
3.140000000000000000e+03 5.564559999999999507e-01
3.150000000000000000e+03 5.575830000000000508e-01
3.160000000000000000e+03 5.584090000000000442e-01
3.170000000000000000e+03 5.591709999999999736e-01
3.180000000000000000e+03 5.598699999999999788e-01
3.190000000000000000e+03 5.605080000000000062e-01
3.200000000000000000e+03 5.610849999999999449e-01
3.210000000000000000e+03 5.614829999999999544e-01
3.220000000000000000e+03 5.618260000000000476e-01
3.230000000000000000e+03 5.621180000000000065e-01
3.240000000000000000e+03 5.623580000000000245e-01
3.250000000000000000e+03 5.625470000000000192e-01
3.260000000000000000e+03 5.625689999999999857e-01
3.270000000000000000e+03 5.625409999999999577e-01
3.280000000000000000e+03 5.624670000000000503e-01
3.290000000000000000e+03 5.623460000000000125e-01
3.300000000000000000e+03 5.621800000000000130e-01
3.310000000000000000e+03 5.618640000000000301e-01
3.320000000000000000e+03 5.615040000000000031e-01
3.330000000000000000e+03 5.611009999999999609e-01
3.340000000000000000e+03 5.606569999999999609e-01
3.350000000000000000e+03 5.601720000000000033e-01
3.360000000000000000e+03 5.595350000000000046e-01
3.370000000000000000e+03 5.588589999999999947e-01
3.380000000000000000e+03 5.581439999999999735e-01
3.390000000000000455e+03 5.573909999999999698e-01
3.400000000000000455e+03 5.566020000000000412e-01
3.410000000000000455e+03 5.556830000000000380e-01
3.420000000000000455e+03 5.547299999999999454e-01
3.430000000000000455e+03 5.537419999999999565e-01
3.439999999999999545e+03 5.527220000000000466e-01
3.449999999999999545e+03 5.516710000000000225e-01
3.459999999999999545e+03 5.503630000000000466e-01
3.469999999999999545e+03 5.490220000000000100e-01
3.479999999999999545e+03 5.476490000000000524e-01
3.489999999999999545e+03 5.462449999999999806e-01
3.500000000000000000e+03 5.448129999999999917e-01
3.510000000000000000e+03 5.428889999999999549e-01
3.520000000000000000e+03 5.409289999999999932e-01
3.530000000000000000e+03 5.389329999999999954e-01
3.540000000000000000e+03 5.369040000000000479e-01
3.550000000000000000e+03 5.348439999999999861e-01
3.560000000000000000e+03 5.320340000000000069e-01
3.570000000000000000e+03 5.291719999999999757e-01
3.580000000000000000e+03 5.262599999999999500e-01
3.590000000000000000e+03 5.233029999999999626e-01
3.600000000000000000e+03 5.203039999999999887e-01
3.610000000000000000e+03 5.172130000000000338e-01
3.620000000000000000e+03 5.140109999999999957e-01
3.630000000000000000e+03 5.107070000000000221e-01
3.640000000000000000e+03 5.073100000000000387e-01
3.650000000000000000e+03 5.038289999999999713e-01
3.660000000000000000e+03 5.017289999999999806e-01
3.670000000000000000e+03 4.994169999999999998e-01
3.680000000000000000e+03 4.969029999999999836e-01
3.690000000000000000e+03 4.941980000000000262e-01
3.700000000000000000e+03 4.913129999999999997e-01
3.710000000000000000e+03 4.906200000000000006e-01
3.720000000000000000e+03 4.897219999999999906e-01
3.730000000000000000e+03 4.886179999999999968e-01
3.740000000000000000e+03 4.873069999999999902e-01
3.750000000000000000e+03 4.857909999999999728e-01
3.760000000000000000e+03 4.859649999999999803e-01
3.770000000000000000e+03 4.860389999999999988e-01
3.780000000000000000e+03 4.860079999999999956e-01
3.790000000000000000e+03 4.858660000000000201e-01
3.800000000000000000e+03 4.856090000000000129e-01
3.810000000000000000e+03 4.859629999999999783e-01
3.820000000000000000e+03 4.862909999999999733e-01
3.830000000000000000e+03 4.865909999999999958e-01
3.840000000000000000e+03 4.868600000000000150e-01
3.850000000000000000e+03 4.870970000000000022e-01
3.860000000000000000e+03 4.727939999999999920e-01
3.870000000000000000e+03 4.584820000000000007e-01
3.880000000000000000e+03 4.441599999999999993e-01
3.890000000000000000e+03 4.298259999999999859e-01
3.900000000000000000e+03 4.154809999999999892e-01
3.910000000000000000e+03 4.009809999999999763e-01
3.920000000000000000e+03 3.864859999999999962e-01
3.930000000000000000e+03 3.719970000000000221e-01
3.940000000000000000e+03 3.575130000000000252e-01
3.950000000000000000e+03 3.430329999999999768e-01
3.960000000000000000e+03 3.284889999999999755e-01
3.970000000000000000e+03 3.139560000000000128e-01
3.980000000000000000e+03 2.994350000000000067e-01
3.990000000000000000e+03 2.849260000000000126e-01
4.000000000000000000e+03 2.704269999999999730e-01
4.010000000000000455e+03 2.132689999999999864e-01
4.020000000000000455e+03 1.609540000000000137e-01
4.030000000000000455e+03 1.134759999999999935e-01
4.040000000000000455e+03 7.082819999999999394e-02
4.050000000000000455e+03 3.300519999999999843e-02
4.060000000000000455e+03 1.932149999999999788e-06
4.069999999999999545e+03 1.779999999999999898e-06
4.079999999999999545e+03 1.627979999999999997e-06
4.089999999999999545e+03 1.476080000000000020e-06
4.100000000000000000e+03 1.324289999999999903e-06
4.110000000000000000e+03 1.172499999999999997e-06
4.120000000000000000e+03 1.020830000000000016e-06
4.130000000000000000e+03 8.692980000000000328e-07
4.140000000000000000e+03 7.178760000000000154e-07
4.150000000000000000e+03 5.665649999999999914e-07
4.160000000000000000e+03 5.659260000000000345e-07
4.170000000000000000e+03 5.652949999999999807e-07
4.180000000000000000e+03 5.646750000000000188e-07
4.190000000000000000e+03 5.640629999999999602e-07
4.200000000000000000e+03 5.634619999999999934e-07
4.210000000000000000e+03 5.628120000000000504e-07
4.220000000000000000e+03 5.621710000000000382e-07
4.230000000000000000e+03 5.615399999999999845e-07
4.240000000000000000e+03 5.609179999999999674e-07
4.250000000000000000e+03 5.603049999999999870e-07
4.260000000000000000e+03 5.596430000000000304e-07
4.270000000000000000e+03 5.589910000000000323e-07
4.280000000000000000e+03 5.583479999999999649e-07
4.290000000000000000e+03 5.577140000000000401e-07
4.300000000000000000e+03 5.570880000000000185e-07
4.310000000000000000e+03 5.564159999999999976e-07
4.320000000000000000e+03 5.557519999999999859e-07
4.330000000000000000e+03 5.550970000000000108e-07
4.340000000000000000e+03 5.544500000000000447e-07
4.350000000000000000e+03 5.538109999999999819e-07
4.360000000000000000e+03 5.531279999999999751e-07
4.370000000000000000e+03 5.524529999999999773e-07
4.380000000000000000e+03 5.517859999999999886e-07
4.390000000000000000e+03 5.511259999999999814e-07
4.400000000000000000e+03 5.504750000000000108e-07
4.410000000000000000e+03 5.497839999999999949e-07
4.420000000000000000e+03 5.491009999999999880e-07
4.430000000000000000e+03 5.484249999999999627e-07
4.440000000000000000e+03 5.477560000000000246e-07
4.450000000000000000e+03 5.470949999999999898e-07
4.460000000000000000e+03 5.463990000000000476e-07
4.470000000000000000e+03 5.457089999999999534e-07
4.480000000000000000e+03 5.450260000000000525e-07
4.490000000000000000e+03 5.443509999999999488e-07
4.500000000000000000e+03 5.436820000000000108e-07
4.510000000000000000e+03 5.430040000000000361e-07
4.520000000000000000e+03 5.423330000000000428e-07
4.530000000000000000e+03 5.416680000000000035e-07
4.540000000000000000e+03 5.410090000000000238e-07
4.550000000000000000e+03 5.403559999999999981e-07
4.560000000000000000e+03 5.396780000000000234e-07
4.570000000000000000e+03 5.390049999999999749e-07
4.580000000000000000e+03 5.383379999999999862e-07
4.590000000000000000e+03 5.376769999999999514e-07
4.600000000000000000e+03 5.370219999999999763e-07
4.610000000000000000e+03 5.363440000000000016e-07
4.620000000000000000e+03 5.356719999999999807e-07
4.630000000000000000e+03 5.350060000000000197e-07
4.640000000000000000e+03 5.343460000000000124e-07
4.650000000000000000e+03 5.336910000000000373e-07
4.660000000000000000e+03 5.330160000000000396e-07
4.670000000000000000e+03 5.323469999999999956e-07
4.680000000000000000e+03 5.316840000000000115e-07
4.690000000000000000e+03 5.310250000000000318e-07
4.700000000000000000e+03 5.303720000000000061e-07
4.710000000000000000e+03 5.297020000000000404e-07
4.720000000000000000e+03 5.290359999999999735e-07
4.730000000000000000e+03 5.283769999999999938e-07
4.740000000000000000e+03 5.277209999999999911e-07
4.750000000000000000e+03 5.270719999999999699e-07
4.760000000000000000e+03 5.264070000000000364e-07
4.770000000000000000e+03 5.257470000000000292e-07
4.780000000000000000e+03 5.250919999999999482e-07
4.790000000000000000e+03 5.244420000000000053e-07
4.800000000000000000e+03 5.237959999999999610e-07
4.810000000000000000e+03 5.231380000000000089e-07
4.820000000000000000e+03 5.224839999999999556e-07
4.830000000000000000e+03 5.218340000000000126e-07
4.840000000000000000e+03 5.211889999999999959e-07
4.850000000000000000e+03 5.205490000000000114e-07
4.860000000000000000e+03 5.198959999999999856e-07
4.870000000000000000e+03 5.192479999999999920e-07
4.880000000000000000e+03 5.186040000000000029e-07
4.890000000000000000e+03 5.179650000000000459e-07
4.900000000000000000e+03 5.173299999999999876e-07
4.910000000000000000e+03 5.166840000000000492e-07
4.920000000000000000e+03 5.160439999999999588e-07
4.930000000000000000e+03 5.154060000000000294e-07
4.940000000000000000e+03 5.147739999999999481e-07
4.950000000000000000e+03 5.141449999999999495e-07
4.960000000000000000e+03 5.135070000000000202e-07
4.970000000000000000e+03 5.128719999999999619e-07
4.980000000000000000e+03 5.122410000000000140e-07
4.990000000000000000e+03 5.116149999999999924e-07
5.000000000000000000e+03 5.109919999999999477e-07
5.010000000000000000e+03 5.103730000000000134e-07
5.020000000000000000e+03 5.097590000000000054e-07
5.030000000000000000e+03 5.091470000000000526e-07
5.040000000000000000e+03 5.085389999999999984e-07
5.050000000000000000e+03 5.079349999999999488e-07
5.060000000000000000e+03 5.073229999999999960e-07
5.070000000000000000e+03 5.067129999999999926e-07
5.080000000000000000e+03 5.061080000000000212e-07
5.090000000000000000e+03 5.055049999999999992e-07
5.100000000000000000e+03 5.049059999999999817e-07
5.110000000000000000e+03 5.042999999999999828e-07
5.120000000000000000e+03 5.036969999999999608e-07
5.130000000000000000e+03 5.030980000000000492e-07
5.140000000000000000e+03 5.025020000000000086e-07
5.150000000000000000e+03 5.019090000000000509e-07
5.160000000000000000e+03 5.013090000000000058e-07
5.170000000000000000e+03 5.007120000000000436e-07
5.180000000000000000e+03 5.001179999999999524e-07
5.190000000000000000e+03 4.995279999999999716e-07
5.200000000000000000e+03 4.989400000000000460e-07
5.210000000000000000e+03 4.983469999999999824e-07
5.220000000000000000e+03 4.977559999999999740e-07
5.230000000000000000e+03 4.971689999999999701e-07
5.240000000000000000e+03 4.965840000000000214e-07
5.250000000000000000e+03 4.960020000000000497e-07
5.260000000000000000e+03 4.954150000000000458e-07
5.270000000000000000e+03 4.948310000000000189e-07
5.280000000000000000e+03 4.942490000000000472e-07
5.290000000000000000e+03 4.936709999999999741e-07
5.300000000000000000e+03 4.930940000000000345e-07
5.310000000000000000e+03 4.925129999999999845e-07
5.320000000000000000e+03 4.919339999999999897e-07
5.330000000000000000e+03 4.913579999999999719e-07
5.340000000000000000e+03 4.907850000000000368e-07
5.350000000000000000e+03 4.902140000000000511e-07
5.360000000000000000e+03 4.896389999999999549e-07
5.370000000000000000e+03 4.890660000000000199e-07
5.380000000000000000e+03 4.884959999999999559e-07
5.390000000000000000e+03 4.879289999999999747e-07
5.400000000000000000e+03 4.873640000000000487e-07
5.410000000000000000e+03 4.867939999999999847e-07
5.420000000000000000e+03 4.862270000000000035e-07
5.430000000000000000e+03 4.856619999999999717e-07
5.440000000000000000e+03 4.851010000000000502e-07
5.450000000000000000e+03 4.845400000000000229e-07
5.460000000000000000e+03 4.839760000000000186e-07
5.470000000000000000e+03 4.834139999999999637e-07
5.480000000000000000e+03 4.828549999999999916e-07
5.490000000000000000e+03 4.822989999999999964e-07
5.500000000000000000e+03 4.817430000000000012e-07
5.510000000000000000e+03 4.811849999999999508e-07
5.520000000000000909e+03 4.806280000000000339e-07
5.530000000000000909e+03 4.800739999999999881e-07
5.540000000000000909e+03 4.795219999999999974e-07
5.550000000000000909e+03 4.789719999999999561e-07
5.560000000000000909e+03 4.784190000000000437e-07
5.570000000000000909e+03 4.778669999999999472e-07
5.580000000000000909e+03 4.773180000000000394e-07
5.590000000000000909e+03 4.767709999999999750e-07
5.600000000000000909e+03 4.762249999999999911e-07
5.610000000000000909e+03 4.756770000000000050e-07
5.620000000000000909e+03 4.751299999999999936e-07
5.629999999999999091e+03 4.745849999999999844e-07
5.639999999999999091e+03 4.740419999999999775e-07
5.649999999999999091e+03 4.734999999999999982e-07
5.659999999999999091e+03 4.729549999999999890e-07
5.669999999999999091e+03 4.724130000000000097e-07
5.679999999999999091e+03 4.718720000000000050e-07
5.689999999999999091e+03 4.713330000000000026e-07
5.699999999999999091e+03 4.707949999999999749e-07
5.709999999999999091e+03 4.304269999999999936e-07
5.719999999999999091e+03 3.928940000000000240e-07
5.729999999999999091e+03 3.580410000000000229e-07
5.740000000000000000e+03 3.257230000000000110e-07
5.750000000000000000e+03 2.957950000000000093e-07
5.760000000000000000e+03 2.681179999999999925e-07
5.770000000000000000e+03 2.425650000000000019e-07
5.780000000000000000e+03 2.190089999999999992e-07
5.790000000000000000e+03 1.973290000000000063e-07
5.800000000000000000e+03 1.774099999999999984e-07
5.810000000000000000e+03 1.591400000000000076e-07
5.820000000000000000e+03 1.424149999999999951e-07
5.830000000000000000e+03 1.271330000000000042e-07
5.840000000000000000e+03 1.131989999999999934e-07
5.850000000000000000e+03 1.005190000000000016e-07
5.860000000000000000e+03 8.900649999999999699e-08
5.870000000000000000e+03 7.857839999999999906e-08
5.880000000000000000e+03 6.915569999999999767e-08
5.890000000000000000e+03 6.066309999999999745e-08
5.900000000000000000e+03 5.302949999999999849e-08
5.910000000000000000e+03 4.618710000000000070e-08
5.920000000000000000e+03 4.007260000000000243e-08
5.930000000000000000e+03 3.462600000000000182e-08
5.940000000000000000e+03 2.979050000000000130e-08
5.950000000000000000e+03 2.551280000000000065e-08
5.960000000000000000e+03 2.174269999999999855e-08
5.970000000000000000e+03 1.843350000000000092e-08
5.980000000000000000e+03 1.554129999999999968e-08
5.990000000000000000e+03 1.302520000000000006e-08
6.000000000000000000e+03 1.084699999999999946e-08
6.010000000000000000e+03 8.971250000000000014e-09
6.020000000000000000e+03 7.365180000000000409e-09
6.030000000000000000e+03 5.998420000000000054e-09
6.040000000000000000e+03 4.843019999999999681e-09
6.050000000000000000e+03 3.873350000000000071e-09
6.060000000000000000e+03 3.065929999999999979e-09
6.070000000000000000e+03 2.399429999999999851e-09
6.080000000000000000e+03 1.854460000000000025e-09
6.090000000000000000e+03 1.413520000000000098e-09
6.100000000000000000e+03 1.060899999999999924e-09
6.110000000000000000e+03 7.825580000000000184e-10
6.120000000000000000e+03 5.660559999999999734e-10
6.130000000000000000e+03 4.004299999999999810e-10
6.140000000000000000e+03 2.761130000000000163e-10
6.150000000000000000e+03 1.848239999999999968e-10
6.160000000000000000e+03 1.836530000000000068e-10
6.170000000000000000e+03 1.824879999999999906e-10
6.180000000000000000e+03 1.813279999999999915e-10
6.190000000000000000e+03 1.801739999999999922e-10
6.200000000000000000e+03 1.790259999999999927e-10
6.210000000000000000e+03 1.778830000000000101e-10
6.220000000000000000e+03 1.767449999999999930e-10
6.230000000000000000e+03 1.756130000000000014e-10
6.240000000000000000e+03 1.744860000000000011e-10
6.250000000000000000e+03 1.733650000000000005e-10
6.260000000000000000e+03 1.722480000000000084e-10
6.270000000000000000e+03 1.711369999999999902e-10
6.280000000000000000e+03 1.700319999999999977e-10
6.290000000000000000e+03 1.689309999999999877e-10
6.300000000000000000e+03 1.678360000000000034e-10
6.310000000000000000e+03 1.667450000000000017e-10
6.320000000000000000e+03 1.656599999999999997e-10
6.330000000000000000e+03 1.645790000000000063e-10
6.340000000000000000e+03 1.635040000000000125e-10
6.350000000000000000e+03 1.624330000000000015e-10
6.360000000000000000e+03 1.613670000000000074e-10
6.370000000000000000e+03 1.603060000000000046e-10
6.380000000000000000e+03 1.592499999999999929e-10
6.390000000000000000e+03 1.581979999999999897e-10
6.400000000000000000e+03 1.571510000000000036e-10
6.410000000000000000e+03 1.561090000000000086e-10
6.420000000000000000e+03 1.550709999999999963e-10
6.430000000000000000e+03 1.540380000000000010e-10
6.440000000000000000e+03 1.530089999999999883e-10
6.450000000000000000e+03 1.519849999999999927e-10
6.460000000000000000e+03 1.509650000000000055e-10
6.470000000000000000e+03 1.499500000000000095e-10
6.480000000000000000e+03 1.489389999999999962e-10
6.490000000000000000e+03 1.479319999999999913e-10
6.500000000000000000e+03 1.469289999999999948e-10
6.510000000000000000e+03 1.459309999999999896e-10
6.520000000000000000e+03 1.449369999999999928e-10
6.530000000000000000e+03 1.439470000000000045e-10
6.540000000000000000e+03 1.429609999999999988e-10
6.550000000000000000e+03 1.419790000000000016e-10
6.560000000000000000e+03 1.410019999999999955e-10
6.570000000000000000e+03 1.400289999999999980e-10
6.580000000000000000e+03 1.390590000000000003e-10
6.590000000000000000e+03 1.380930000000000111e-10
6.600000000000000000e+03 1.371310000000000045e-10
6.610000000000000000e+03 1.361739999999999891e-10
6.620000000000000000e+03 1.352199999999999994e-10
6.630000000000000000e+03 1.342690000000000096e-10
6.640000000000000000e+03 1.333230000000000110e-10
6.650000000000000000e+03 1.323790000000000037e-10
6.660000000000000000e+03 1.314409999999999962e-10
6.670000000000000000e+03 1.305059999999999886e-10
6.680000000000000000e+03 1.295749999999999894e-10
6.690000000000000000e+03 1.286469999999999901e-10
6.700000000000000000e+03 1.277219999999999907e-10
6.710000000000000000e+03 1.268020000000000084e-10
6.720000000000000000e+03 1.258850000000000001e-10
6.730000000000000000e+03 1.249720000000000002e-10
6.740000000000000000e+03 1.240620000000000003e-10
6.750000000000000000e+03 1.231550000000000002e-10
6.760000000000000000e+03 1.222529999999999913e-10
6.770000000000000909e+03 1.213540000000000082e-10
6.780000000000000909e+03 1.204579999999999991e-10
6.790000000000000909e+03 1.195649999999999898e-10
6.800000000000000909e+03 1.186759999999999891e-10
6.810000000000000909e+03 1.177909999999999968e-10
6.820000000000000909e+03 1.169099999999999871e-10
6.830000000000000909e+03 1.160309999999999946e-10
6.840000000000000909e+03 1.151550000000000020e-10
6.850000000000000909e+03 1.142819999999999963e-10
6.860000000000000909e+03 1.134139999999999948e-10
6.870000000000000909e+03 1.125500000000000017e-10
6.879999999999999091e+03 1.116870000000000042e-10
6.889999999999999091e+03 1.108280000000000023e-10
6.899999999999999091e+03 1.099720000000000003e-10
6.909999999999999091e+03 1.091199999999999939e-10
6.919999999999999091e+03 1.082719999999999959e-10
6.929999999999999091e+03 1.074260000000000021e-10
6.939999999999999091e+03 1.065840000000000039e-10
6.949999999999999091e+03 1.057430000000000013e-10
6.959999999999999091e+03 1.049089999999999941e-10
6.969999999999999091e+03 1.040759999999999956e-10
6.979999999999999091e+03 1.032470000000000055e-10
6.990000000000000000e+03 1.024199999999999937e-10
7.000000000000000000e+03 1.015959999999999948e-10
7.010000000000000000e+03 1.007779999999999957e-10
7.020000000000000000e+03 9.996250000000000507e-11
7.030000000000000000e+03 9.914960000000000315e-11
7.040000000000000000e+03 9.833910000000000372e-11
7.050000000000000000e+03 9.753120000000000592e-11
7.060000000000000000e+03 9.672929999999999497e-11
7.070000000000000000e+03 9.593019999999999770e-11
7.080000000000000000e+03 9.513350000000000292e-11
7.090000000000000000e+03 9.433930000000000374e-11
7.100000000000000000e+03 9.354749999999999413e-11
7.110000000000000000e+03 9.276160000000000411e-11
7.120000000000000000e+03 9.197810000000000367e-11
7.130000000000000000e+03 9.119720000000000484e-11
7.140000000000000000e+03 9.041860000000000248e-11
7.150000000000000000e+03 8.964269999999999486e-11
7.160000000000000000e+03 8.887339999999999732e-11
7.170000000000000000e+03 8.810639999999999624e-11
7.180000000000000000e+03 8.734219999999999592e-11
7.190000000000000000e+03 8.658030000000000500e-11
7.200000000000000000e+03 8.582080000000000364e-11
7.210000000000000000e+03 8.506780000000000634e-11
7.220000000000000000e+03 8.431719999999999861e-11
7.230000000000000000e+03 8.356920000000000544e-11
7.240000000000000000e+03 8.282360000000000183e-11
7.250000000000000000e+03 8.208029999999999469e-11
7.260000000000000000e+03 8.134379999999999676e-11
7.270000000000000000e+03 8.060979999999999444e-11
7.280000000000000000e+03 7.987830000000000064e-11
7.290000000000000000e+03 7.914910000000000330e-11
7.300000000000000000e+03 7.842249999999999466e-11
7.310000000000000000e+03 7.770289999999999438e-11
7.320000000000000000e+03 7.698569999999999658e-11
7.330000000000000000e+03 7.627099999999999439e-11
7.340000000000000000e+03 7.555880000000000071e-11
7.350000000000000000e+03 7.484919999999999574e-11
7.360000000000000000e+03 7.414679999999999825e-11
7.370000000000000000e+03 7.344700000000000238e-11
7.380000000000000000e+03 7.274970000000000211e-11
7.390000000000000000e+03 7.205489999999999744e-11
7.400000000000000000e+03 7.136260000000000129e-11
7.410000000000000000e+03 7.067699999999999540e-11
7.420000000000000000e+03 6.999409999999999717e-11
7.430000000000000000e+03 6.931360000000000144e-11
7.440000000000000000e+03 6.863569999999999440e-11
7.450000000000000000e+03 6.796009999999999675e-11
7.460000000000000000e+03 6.729279999999999534e-11
7.470000000000000000e+03 6.662809999999999556e-11
7.480000000000000000e+03 6.596590000000000430e-11
7.490000000000000000e+03 6.530619999999999571e-11
7.500000000000000000e+03 6.464919999999999478e-11
7.510000000000000000e+03 6.399990000000000561e-11
7.520000000000000000e+03 6.335329999999999825e-11
7.530000000000000000e+03 6.270930000000000543e-11
7.540000000000000000e+03 6.206779999999999529e-11
7.550000000000000000e+03 6.142900000000000573e-11
7.560000000000000000e+03 6.079779999999999606e-11
7.570000000000000000e+03 6.016929999999999404e-11
7.580000000000000000e+03 5.954330000000000055e-11
7.590000000000000000e+03 5.892000000000000178e-11
7.600000000000000000e+03 5.829930000000000464e-11
7.610000000000000000e+03 5.768659999999999857e-11
7.620000000000000000e+03 5.707650000000000060e-11
7.630000000000000000e+03 5.646909999999999735e-11
7.640000000000000000e+03 5.586440000000000175e-11
7.650000000000000000e+03 5.526240000000000089e-11
7.660000000000000000e+03 5.466829999999999799e-11
7.670000000000000000e+03 5.407700000000000232e-11
7.680000000000000000e+03 5.348850000000000094e-11
7.690000000000000000e+03 5.290270000000000075e-11
7.700000000000000000e+03 5.231950000000000219e-11
7.710000000000000000e+03 5.174410000000000203e-11
7.720000000000000000e+03 5.117140000000000307e-11
7.730000000000000000e+03 5.060149999999999840e-11
7.740000000000000000e+03 5.003440000000000095e-11
7.750000000000000000e+03 4.946989999999999866e-11
7.760000000000000000e+03 4.891460000000000162e-11
7.770000000000000000e+03 4.836219999999999844e-11
7.780000000000000000e+03 4.781250000000000291e-11
7.790000000000000000e+03 4.726550000000000211e-11
7.800000000000000000e+03 4.672130000000000207e-11
7.810000000000000000e+03 4.618460000000000174e-11
7.820000000000000000e+03 4.565070000000000217e-11
7.830000000000000000e+03 4.511959999999999689e-11
7.840000000000000000e+03 4.459129999999999883e-11
7.850000000000000000e+03 4.406570000000000196e-11
7.860000000000000000e+03 4.354840000000000132e-11
7.870000000000000000e+03 4.303380000000000188e-11
7.880000000000000000e+03 4.252220000000000232e-11
7.890000000000000000e+03 4.201329999999999749e-11
7.900000000000000000e+03 4.150719999999999988e-11
7.910000000000000000e+03 4.100949999999999807e-11
7.920000000000000000e+03 4.051470000000000305e-11
7.930000000000000000e+03 4.002260000000000275e-11
7.940000000000000000e+03 3.953340000000000278e-11
7.950000000000000000e+03 3.904689999999999753e-11
7.960000000000000000e+03 3.856909999999999971e-11
7.970000000000000000e+03 3.809400000000000308e-11
7.980000000000000000e+03 3.762180000000000030e-11
7.990000000000000000e+03 3.715229999999999872e-11
8.000000000000000000e+03 3.668569999999999745e-11
8.010000000000000000e+03 3.622710000000000020e-11
8.020000000000000909e+03 3.577119999999999767e-11
8.030000000000000909e+03 3.531830000000000148e-11
8.040000000000000909e+03 3.486800000000000046e-11
8.050000000000000909e+03 3.442059999999999977e-11
8.060000000000000909e+03 3.398109999999999704e-11
8.070000000000000909e+03 3.354440000000000154e-11
8.080000000000000909e+03 3.311059999999999989e-11
8.090000000000000909e+03 3.267949999999999944e-11
8.100000000000000909e+03 3.225129999999999931e-11
8.110000000000000909e+03 3.183099999999999715e-11
8.120000000000000909e+03 3.141350000000000221e-11
8.129999999999999091e+03 3.099880000000000156e-11
8.139999999999999091e+03 3.058690000000000167e-11
8.149999999999999091e+03 3.017780000000000254e-11
8.159999999999999091e+03 2.977670000000000094e-11
8.169999999999999091e+03 2.937840000000000011e-11
8.179999999999999091e+03 2.898280000000000046e-11
8.189999999999999091e+03 2.858989999999999877e-11
8.200000000000000000e+03 2.819980000000000107e-11
8.210000000000000000e+03 2.781780000000000048e-11
8.220000000000000000e+03 2.743850000000000107e-11
8.230000000000000000e+03 2.706199999999999919e-11
8.240000000000000000e+03 2.668809999999999894e-11
8.250000000000000000e+03 2.631689999999999987e-11
8.260000000000000000e+03 2.595219999999999841e-11
8.270000000000000000e+03 2.559020000000000136e-11
8.280000000000000000e+03 2.523089999999999905e-11
8.290000000000000000e+03 2.487420000000000159e-11
8.300000000000000000e+03 2.452019999999999886e-11
8.310000000000000000e+03 2.417429999999999969e-11
8.320000000000000000e+03 2.383099999999999892e-11
8.330000000000000000e+03 2.349020000000000022e-11
8.340000000000000000e+03 2.315219999999999903e-11
8.350000000000000000e+03 2.281669999999999990e-11
8.360000000000000000e+03 2.248920000000000155e-11
8.370000000000000000e+03 2.216430000000000159e-11
8.380000000000000000e+03 2.184200000000000003e-11
8.390000000000000000e+03 2.152220000000000052e-11
8.400000000000000000e+03 2.120499999999999941e-11
8.410000000000000000e+03 2.089410000000000000e-11
8.420000000000000000e+03 2.058589999999999855e-11
8.430000000000000000e+03 2.028000000000000002e-11
8.440000000000000000e+03 1.997669999999999989e-11
8.450000000000000000e+03 1.967589999999999859e-11
8.460000000000000000e+03 1.938139999999999898e-11
8.470000000000000000e+03 1.908929999999999864e-11
8.480000000000000000e+03 1.879970000000000036e-11
8.490000000000000000e+03 1.851250000000000134e-11
8.500000000000000000e+03 1.822770000000000159e-11
8.510000000000000000e+03 1.795079999999999981e-11
8.520000000000000000e+03 1.767620000000000096e-11
8.530000000000000000e+03 1.740389999999999857e-11
8.540000000000000000e+03 1.713410000000000148e-11
8.550000000000000000e+03 1.686660000000000085e-11
8.560000000000000000e+03 1.660519999999999956e-11
8.570000000000000000e+03 1.634610000000000120e-11
8.580000000000000000e+03 1.608939999999999887e-11
8.590000000000000000e+03 1.583489999999999991e-11
8.600000000000000000e+03 1.558270000000000064e-11
8.610000000000000000e+03 1.533650000000000114e-11
8.620000000000000000e+03 1.509260000000000134e-11
8.630000000000000000e+03 1.485089999999999845e-11
8.640000000000000000e+03 1.461139999999999891e-11
8.650000000000000000e+03 1.437409999999999951e-11
8.660000000000000000e+03 1.414270000000000031e-11
8.670000000000000000e+03 1.391349999999999963e-11
8.680000000000000000e+03 1.368639999999999952e-11
8.690000000000000000e+03 1.346139999999999997e-11
8.700000000000000000e+03 1.323860000000000056e-11
8.710000000000000000e+03 1.302160000000000017e-11
8.720000000000000000e+03 1.280670000000000035e-11
8.730000000000000000e+03 1.259379999999999991e-11
8.740000000000000000e+03 1.238290000000000048e-11
8.750000000000000000e+03 1.217410000000000000e-11
8.760000000000000000e+03 1.197100000000000059e-11
8.770000000000000000e+03 1.176979999999999939e-11
8.780000000000000000e+03 1.157060000000000080e-11
8.790000000000000000e+03 1.137339999999999999e-11
8.800000000000000000e+03 1.117820000000000017e-11
8.810000000000000000e+03 1.098839999999999951e-11
8.820000000000000000e+03 1.080059999999999984e-11
8.830000000000000000e+03 1.061460000000000043e-11
8.840000000000000000e+03 1.043060000000000041e-11
8.850000000000000000e+03 1.024840000000000064e-11
8.860000000000000000e+03 1.007160000000000002e-11
8.870000000000000000e+03 9.896619999999999890e-12
8.880000000000000000e+03 9.723419999999999780e-12
8.890000000000000000e+03 9.551999999999999688e-12
8.900000000000000000e+03 9.382429999999999634e-12
8.910000000000000000e+03 9.217340000000000789e-12
8.920000000000000000e+03 9.053960000000000328e-12
8.930000000000000000e+03 8.892339999999999650e-12
8.940000000000000000e+03 8.732439999999999897e-12
8.950000000000000000e+03 8.574209999999999671e-12
8.960000000000000000e+03 8.420409999999999256e-12
8.970000000000000000e+03 8.268239999999999512e-12
8.980000000000000000e+03 8.117709999999999748e-12
8.990000000000000000e+03 7.968849999999999512e-12
9.000000000000000000e+03 7.821559999999999238e-12
9.010000000000000000e+03 7.679170000000000286e-12
9.020000000000000000e+03 7.538410000000000389e-12
9.030000000000000000e+03 7.399150000000000435e-12
9.040000000000000000e+03 7.261430000000000089e-12
9.050000000000000000e+03 7.125260000000000277e-12
9.060000000000000000e+03 6.992560000000000246e-12
9.070000000000000000e+03 6.861300000000000258e-12
9.080000000000000000e+03 6.731559999999999642e-12
9.090000000000000000e+03 6.603259999999999876e-12
9.100000000000000000e+03 6.476420000000000388e-12
9.110000000000000000e+03 6.354199999999999723e-12
9.120000000000000000e+03 6.233360000000000008e-12
9.130000000000000000e+03 6.113899999999999626e-12
9.140000000000000000e+03 5.995830000000000312e-12
9.150000000000000000e+03 5.879130000000000214e-12
9.160000000000000000e+03 5.766210000000000327e-12
9.170000000000000000e+03 5.654619999999999992e-12
9.180000000000000000e+03 5.544349999999999897e-12
9.190000000000000000e+03 5.435389999999999925e-12
9.200000000000000000e+03 5.327699999999999604e-12
9.210000000000000000e+03 5.223669999999999693e-12
9.220000000000000000e+03 5.120859999999999649e-12
9.230000000000000000e+03 5.019320000000000063e-12
9.240000000000000000e+03 4.918990000000000227e-12
9.250000000000000000e+03 4.819849999999999905e-12
9.260000000000000000e+03 4.723650000000000375e-12
9.270000000000000000e+03 4.628630000000000241e-12
9.280000000000000000e+03 4.534770000000000073e-12
9.290000000000000000e+03 4.442059999999999754e-12
9.300000000000000000e+03 4.350469999999999738e-12
9.310000000000000000e+03 4.262260000000000056e-12
9.320000000000000000e+03 4.175130000000000204e-12
9.330000000000000000e+03 4.089109999999999729e-12
9.340000000000000000e+03 4.004149999999999654e-12
9.350000000000000000e+03 3.920270000000000218e-12
9.360000000000000000e+03 3.839060000000000001e-12
9.370000000000000000e+03 3.758860000000000404e-12
9.380000000000000000e+03 3.679679999999999927e-12
9.390000000000000000e+03 3.601520000000000188e-12
9.400000000000000000e+03 3.524360000000000141e-12
9.410000000000000000e+03 3.450280000000000117e-12
9.420000000000000000e+03 3.377139999999999886e-12
9.430000000000000000e+03 3.304949999999999968e-12
9.440000000000000000e+03 3.233709999999999961e-12
9.450000000000000000e+03 3.163380000000000199e-12
9.460000000000000000e+03 3.096009999999999851e-12
9.470000000000000000e+03 3.029510000000000084e-12
9.480000000000000000e+03 2.963880000000000090e-12
9.490000000000000000e+03 2.899140000000000105e-12
9.500000000000000000e+03 2.835220000000000111e-12
9.510000000000000000e+03 2.773159999999999868e-12
9.520000000000000000e+03 2.711900000000000188e-12
9.530000000000000000e+03 2.651479999999999926e-12
9.540000000000000000e+03 2.591859999999999823e-12
9.550000000000000000e+03 2.533060000000000114e-12
9.560000000000000000e+03 2.476930000000000029e-12
9.570000000000000000e+03 2.421549999999999915e-12
9.580000000000000000e+03 2.366899999999999941e-12
9.590000000000000000e+03 2.313040000000000007e-12
9.600000000000000000e+03 2.259909999999999809e-12
9.610000000000000000e+03 2.208870000000000058e-12
9.620000000000000000e+03 2.158519999999999975e-12
9.630000000000000000e+03 2.108880000000000199e-12
9.640000000000000000e+03 2.059919999999999971e-12
9.650000000000000000e+03 2.011640000000000100e-12
9.660000000000000000e+03 1.965360000000000019e-12
9.670000000000000000e+03 1.919719999999999821e-12
9.680000000000000000e+03 1.874730000000000030e-12
9.690000000000000000e+03 1.830359999999999887e-12
9.700000000000000000e+03 1.786609999999999998e-12
9.710000000000000000e+03 1.744759999999999929e-12
9.720000000000000000e+03 1.703510000000000079e-12
9.730000000000000000e+03 1.662860000000000045e-12
9.740000000000000000e+03 1.622749999999999926e-12
9.750000000000000000e+03 1.583249999999999943e-12
9.760000000000000000e+03 1.545119999999999984e-12
9.770000000000000000e+03 1.507549999999999973e-12
9.780000000000000000e+03 1.470509999999999961e-12
9.790000000000000000e+03 1.434030000000000100e-12
9.800000000000000000e+03 1.398080000000000037e-12
9.810000000000000000e+03 1.364199999999999983e-12
9.820000000000000000e+03 1.330810000000000062e-12
9.830000000000000000e+03 1.297919999999999987e-12
9.840000000000000000e+03 1.265520000000000044e-12
9.850000000000000000e+03 1.233589999999999997e-12
9.860000000000000000e+03 1.202869999999999902e-12
9.870000000000000000e+03 1.172639999999999939e-12
9.880000000000000000e+03 1.142840000000000005e-12
9.890000000000000000e+03 1.113489999999999934e-12
9.900000000000000000e+03 1.084609999999999960e-12
9.910000000000000000e+03 1.057210000000000097e-12
9.920000000000000000e+03 1.030220000000000027e-12
9.930000000000000000e+03 1.003639999999999952e-12
9.940000000000000000e+03 9.774889999999999358e-13
9.950000000000000000e+03 9.517210000000000803e-13
9.960000000000000000e+03 9.270299999999999384e-13
9.970000000000000000e+03 9.027279999999999880e-13
9.980000000000000000e+03 8.787830000000000330e-13
9.990000000000000000e+03 8.552180000000000219e-13
1.000000000000000000e+04 8.320279999999999965e-13
1.000999999999999818e+04 8.177110000000000283e-13
1.002000000000000000e+04 8.035809999999999663e-13
1.002999999999999818e+04 9.316980000000000151e-13
1.004000000000000000e+04 9.154609999999999904e-13
1.004999999999999818e+04 8.994389999999999806e-13
1.006000000000000000e+04 8.836300000000000426e-13
1.006999999999999818e+04 8.680299999999999879e-13
1.008000000000000000e+04 8.526380000000000470e-13
1.008999999999999818e+04 8.374510000000000028e-13
1.010000000000000000e+04 8.224689999999999561e-13
1.010999999999999818e+04 8.076870000000000500e-13
1.012000000000000000e+04 7.931049999999999815e-13
1.012999999999999818e+04 7.787200000000000382e-13
1.014000000000000000e+04 7.645299999999999745e-13
1.014999999999999818e+04 7.505330000000000494e-13
1.016000000000000000e+04 7.367279999999999886e-13
1.016999999999999818e+04 7.231110000000000073e-13
1.018000000000000000e+04 7.096810000000000332e-13
1.018999999999999818e+04 6.964369999999999939e-13
1.020000000000000000e+04 6.833750000000000037e-13
1.020999999999999818e+04 6.704949999999999617e-13
1.022000000000000000e+04 6.577939999999999535e-13
1.023000000000000000e+04 6.452700000000000364e-13
1.024000000000000000e+04 6.329209999999999645e-13
1.025000000000000000e+04 6.207459999999999684e-13
1.026000000000000000e+04 6.087420000000000329e-13
1.027000000000000000e+04 5.969079999999999845e-13
1.028000000000000000e+04 5.852419999999999815e-13
1.029000000000000000e+04 5.737419999999999801e-13
1.030000000000000000e+04 5.624060000000000373e-13
1.031000000000000000e+04 5.512329999999999797e-13
1.032000000000000000e+04 5.402199999999999943e-13
1.033000000000000000e+04 5.293660000000000084e-13
1.034000000000000000e+04 5.186699999999999498e-13
1.035000000000000000e+04 5.081280000000000337e-13
1.036000000000000000e+04 4.977410000000000296e-13
1.037000000000000000e+04 4.875049999999999508e-13
1.038000000000000000e+04 4.774190000000000279e-13
1.039000000000000000e+04 4.674819999999999865e-13
1.040000000000000000e+04 4.576919999999999848e-13
1.041000000000000000e+04 4.480469999999999790e-13
1.042000000000000000e+04 4.385459999999999975e-13
1.043000000000000000e+04 4.291869999999999967e-13
1.044000000000000000e+04 4.199679999999999832e-13
1.045000000000000000e+04 4.108879999999999855e-13
1.046000000000000000e+04 4.019450000000000104e-13
1.047000000000000000e+04 3.931370000000000140e-13
1.048000000000000000e+04 3.844639999999999964e-13
1.049000000000000000e+04 3.759229999999999927e-13
1.050000000000000000e+04 3.675129999999999810e-13
1.051000000000000000e+04 3.592329999999999901e-13
1.052000000000000000e+04 3.510800000000000045e-13
1.053000000000000000e+04 3.430540000000000244e-13
1.054000000000000000e+04 3.351530000000000058e-13
1.055000000000000000e+04 3.273759999999999775e-13
1.056000000000000000e+04 3.197209999999999965e-13
1.057000000000000000e+04 3.121860000000000190e-13
1.058000000000000000e+04 3.047700000000000231e-13
1.059000000000000000e+04 2.974730000000000089e-13
1.060000000000000000e+04 2.902909999999999896e-13
1.061000000000000000e+04 2.832249999999999872e-13
1.062000000000000000e+04 2.762719999999999864e-13
1.063000000000000000e+04 2.694319999999999873e-13
1.064000000000000000e+04 2.627020000000000251e-13
1.065000000000000000e+04 2.560819999999999987e-13
1.066000000000000000e+04 2.495709999999999874e-13
1.067000000000000000e+04 2.431659999999999758e-13
1.068000000000000000e+04 2.368670000000000145e-13
1.069000000000000000e+04 2.306720000000000091e-13
1.070000000000000000e+04 2.245810000000000101e-13
1.071000000000000000e+04 2.185910000000000023e-13
1.072000000000000000e+04 2.127020000000000109e-13
1.073000000000000000e+04 2.069119999999999922e-13
1.074000000000000000e+04 2.012199999999999999e-13
1.075000000000000000e+04 1.956250000000000121e-13
1.076000000000000000e+04 1.901250000000000103e-13
1.077000000000000000e+04 1.847209999999999911e-13
1.078000000000000000e+04 1.794089999999999931e-13
1.079000000000000000e+04 1.741889999999999912e-13
1.080000000000000000e+04 1.690610000000000104e-13
1.081000000000000000e+04 1.640220000000000103e-13
1.082000000000000000e+04 1.590719999999999910e-13
1.083000000000000000e+04 1.542090000000000096e-13
1.084000000000000000e+04 1.494319999999999937e-13
1.085000000000000000e+04 1.447409999999999938e-13
1.086000000000000000e+04 1.401339999999999914e-13
1.087000000000000000e+04 1.356110000000000115e-13
1.088000000000000000e+04 1.311689999999999887e-13
1.089000000000000000e+04 1.268079999999999985e-13
1.090000000000000000e+04 1.225269999999999938e-13
1.091000000000000000e+04 1.183240000000000065e-13
1.092000000000000000e+04 1.142000000000000082e-13
1.093000000000000000e+04 1.101519999999999960e-13
1.094000000000000000e+04 1.061799999999999954e-13
1.095000000000000000e+04 1.022829999999999969e-13
1.096000000000000000e+04 9.845960000000000033e-14
1.097000000000000000e+04 9.470890000000000350e-14
1.098000000000000000e+04 9.102989999999999716e-14
1.099000000000000000e+04 8.742170000000000452e-14
1.100000000000000000e+04 8.388339999999999828e-14
