1.000000000000000000e+03 3.023520000000000064e-06
1.010000000000000114e+03 3.734520000000000118e-06
1.019999999999999886e+03 4.583040000000000254e-06
1.030000000000000000e+03 6.599950000000000227e-06
1.040000000000000000e+03 1.047599999999999931e-05
1.050000000000000000e+03 1.529030000000000165e-05
1.060000000000000000e+03 1.903029999999999972e-05
1.070000000000000000e+03 2.357569999999999859e-05
1.080000000000000000e+03 2.903770000000000152e-05
1.090000000000000000e+03 3.556069999999999988e-05
1.100000000000000000e+03 4.331590000000000315e-05
1.110000000000000000e+03 5.253579999999999936e-05
1.120000000000000000e+03 6.341310000000000447e-05
1.130000000000000000e+03 7.619260000000000637e-05
1.140000000000000000e+03 9.117759999999999927e-05
1.150000000000000000e+03 1.086069999999999988e-04
1.160000000000000000e+03 1.289460000000000085e-04
1.170000000000000000e+03 1.568589999999999969e-04
1.180000000000000000e+03 1.905560000000000099e-04
1.190000000000000000e+03 2.306320000000000104e-04
1.200000000000000000e+03 2.779530000000000000e-04
1.210000000000000000e+03 3.335669999999999998e-04
1.220000000000000000e+03 3.926119999999999740e-04
1.230000000000000000e+03 4.533529999999999808e-04
1.240000000000000000e+03 5.226919999999999483e-04
1.250000000000000000e+03 6.018959999999999849e-04
1.260000000000000000e+03 6.921230000000000004e-04
1.270000000000000000e+03 7.947839999999999853e-04
1.280000000000000000e+03 9.124569999999999816e-04
1.290000000000000000e+03 1.046459999999999925e-03
1.300000000000000000e+03 1.198620000000000067e-03
1.310000000000000000e+03 1.371819999999999940e-03
1.320000000000000000e+03 1.568809999999999909e-03
1.330000000000000000e+03 1.791980000000000092e-03
1.340000000000000000e+03 2.048149999999999884e-03
1.350000000000000000e+03 2.343340000000000180e-03
1.360000000000000000e+03 2.677639999999999795e-03
1.370000000000000000e+03 3.055560000000000134e-03
1.380000000000000227e+03 3.483040000000000181e-03
1.390000000000000227e+03 3.969089999999999771e-03
1.400000000000000227e+03 4.515899999999999775e-03
1.409999999999999773e+03 5.129700000000000058e-03
1.419999999999999773e+03 5.818160000000000172e-03
1.429999999999999773e+03 6.590209999999999992e-03
1.440000000000000000e+03 7.426959999999999812e-03
1.450000000000000000e+03 8.315319999999999309e-03
1.460000000000000000e+03 9.295680000000000609e-03
1.470000000000000000e+03 1.038870000000000071e-02
1.480000000000000000e+03 1.158950000000000084e-02
1.490000000000000000e+03 1.290570000000000085e-02
1.500000000000000000e+03 1.434539999999999947e-02
1.510000000000000000e+03 1.592429999999999887e-02
1.520000000000000000e+03 1.764780000000000168e-02
1.530000000000000000e+03 1.952119999999999897e-02
1.540000000000000000e+03 2.155299999999999924e-02
1.550000000000000000e+03 2.372990000000000169e-02
1.560000000000000000e+03 2.608020000000000130e-02
1.570000000000000000e+03 2.861580000000000026e-02
1.580000000000000000e+03 3.134599999999999886e-02
1.590000000000000000e+03 3.428049999999999847e-02
1.600000000000000000e+03 3.742920000000000275e-02
1.610000000000000000e+03 4.084739999999999899e-02
1.620000000000000000e+03 4.449410000000000170e-02
1.630000000000000000e+03 4.839120000000000227e-02
1.640000000000000000e+03 5.254940000000000305e-02
1.650000000000000000e+03 5.697920000000000068e-02
1.660000000000000000e+03 6.173990000000000034e-02
1.670000000000000000e+03 6.682069999999999677e-02
1.680000000000000000e+03 7.221260000000000179e-02
1.690000000000000000e+03 7.792689999999999340e-02
1.700000000000000227e+03 8.397399999999999309e-02
1.710000000000000227e+03 9.036639999999999950e-02
1.719999999999999773e+03 9.720159999999999911e-02
1.729999999999999773e+03 1.044179999999999969e-01
1.739999999999999773e+03 1.120270000000000016e-01
1.750000000000000000e+03 1.200419999999999959e-01
1.760000000000000000e+03 1.284740000000000049e-01
1.770000000000000000e+03 1.373360000000000136e-01
1.780000000000000000e+03 1.467239999999999933e-01
1.790000000000000000e+03 1.565830000000000000e-01
1.800000000000000000e+03 1.669190000000000118e-01
1.810000000000000000e+03 1.777759999999999896e-01
1.820000000000000000e+03 1.891450000000000076e-01
1.830000000000000000e+03 2.010409999999999975e-01
1.840000000000000000e+03 2.135160000000000113e-01
1.850000000000000000e+03 2.266420000000000101e-01
1.860000000000000000e+03 2.319740000000000135e-01
1.870000000000000000e+03 2.372879999999999989e-01
1.880000000000000000e+03 2.425829999999999931e-01
1.890000000000000000e+03 2.478579999999999950e-01
1.900000000000000000e+03 2.531109999999999749e-01
1.910000000000000000e+03 2.583770000000000233e-01
1.920000000000000000e+03 2.635870000000000157e-01
1.930000000000000000e+03 2.687769999999999881e-01
1.940000000000000000e+03 2.739469999999999961e-01
1.950000000000000000e+03 2.790969999999999840e-01
1.960000000000000000e+03 2.842250000000000054e-01
1.970000000000000000e+03 2.893319999999999781e-01
1.980000000000000000e+03 2.944169999999999843e-01
1.990000000000000000e+03 2.995579999999999909e-01
2.000000000000000000e+03 3.047300000000000009e-01
2.010000000000000227e+03 3.077799999999999980e-01
2.020000000000000227e+03 3.107699999999999907e-01
2.030000000000000227e+03 3.137010000000000076e-01
2.039999999999999773e+03 3.165740000000000220e-01
2.050000000000000000e+03 3.193909999999999805e-01
2.060000000000000000e+03 3.221539999999999959e-01
2.070000000000000000e+03 3.249850000000000239e-01
2.080000000000000000e+03 3.279449999999999865e-01
2.090000000000000000e+03 3.305259999999999865e-01
2.100000000000000000e+03 3.333800000000000097e-01
2.110000000000000000e+03 3.360920000000000019e-01
2.120000000000000000e+03 3.348380000000000245e-01
2.130000000000000000e+03 3.333479999999999777e-01
2.140000000000000000e+03 3.319159999999999888e-01
2.150000000000000000e+03 3.305989999999999762e-01
2.160000000000000000e+03 3.295870000000000188e-01
2.170000000000000000e+03 3.281029999999999780e-01
2.180000000000000000e+03 3.265319999999999889e-01
2.190000000000000000e+03 3.253240000000000021e-01
2.200000000000000000e+03 3.242999999999999772e-01
2.210000000000000000e+03 3.233230000000000270e-01
2.220000000000000000e+03 3.227979999999999738e-01
2.230000000000000000e+03 3.222280000000000144e-01
2.240000000000000000e+03 3.221589999999999732e-01
2.250000000000000000e+03 3.221979999999999844e-01
2.260000000000000000e+03 3.221780000000000199e-01
2.270000000000000000e+03 3.227709999999999746e-01
2.280000000000000000e+03 3.235259999999999803e-01
2.290000000000000000e+03 3.250379999999999936e-01
2.300000000000000000e+03 3.269279999999999964e-01
2.310000000000000000e+03 3.290620000000000211e-01
2.320000000000000000e+03 3.309900000000000064e-01
2.330000000000000000e+03 3.327220000000000177e-01
2.340000000000000000e+03 3.339809999999999723e-01
2.350000000000000000e+03 3.344739999999999935e-01
2.360000000000000000e+03 3.342330000000000023e-01
2.370000000000000000e+03 3.333209999999999784e-01
2.380000000000000000e+03 3.318189999999999751e-01
2.390000000000000000e+03 3.298309999999999853e-01
2.400000000000000000e+03 3.273780000000000023e-01
2.410000000000000000e+03 3.246760000000000201e-01
2.420000000000000000e+03 3.214389999999999747e-01
2.430000000000000000e+03 3.179669999999999996e-01
2.440000000000000000e+03 3.147170000000000245e-01
2.450000000000000000e+03 3.108580000000000232e-01
2.460000000000000000e+03 3.071710000000000274e-01
2.470000000000000000e+03 3.034899999999999820e-01
2.480000000000000000e+03 2.995450000000000057e-01
2.490000000000000000e+03 2.958979999999999944e-01
2.500000000000000000e+03 2.922000000000000153e-01
2.510000000000000000e+03 2.882250000000000090e-01
2.520000000000000000e+03 2.844700000000000006e-01
2.530000000000000000e+03 2.805940000000000101e-01
2.540000000000000000e+03 2.774590000000000112e-01
2.550000000000000000e+03 2.735710000000000086e-01
2.560000000000000000e+03 2.700799999999999867e-01
2.570000000000000000e+03 2.664509999999999934e-01
2.580000000000000000e+03 2.629210000000000158e-01
2.590000000000000000e+03 2.594239999999999879e-01
2.600000000000000000e+03 2.559109999999999996e-01
2.610000000000000000e+03 2.523480000000000167e-01
2.620000000000000000e+03 2.488329999999999986e-01
2.630000000000000000e+03 2.454199999999999993e-01
2.640000000000000000e+03 2.419389999999999874e-01
2.650000000000000000e+03 2.384519999999999973e-01
2.660000000000000000e+03 2.354020000000000001e-01
2.670000000000000000e+03 2.323129999999999917e-01
2.680000000000000000e+03 2.296400000000000108e-01
2.690000000000000000e+03 2.271080000000000043e-01
2.700000000000000000e+03 2.249790000000000123e-01
2.710000000000000000e+03 2.233620000000000050e-01
2.720000000000000000e+03 2.221049999999999969e-01
2.730000000000000000e+03 2.213019999999999987e-01
2.740000000000000000e+03 2.210330000000000072e-01
2.750000000000000000e+03 2.210900000000000087e-01
2.760000000000000455e+03 2.059100000000000097e-01
2.770000000000000455e+03 1.914019999999999888e-01
2.780000000000000455e+03 1.776290000000000091e-01
2.790000000000000455e+03 1.644819999999999893e-01
2.800000000000000455e+03 1.517620000000000080e-01
2.810000000000000455e+03 1.395129999999999981e-01
2.819999999999999545e+03 1.277439999999999964e-01
2.829999999999999545e+03 1.164509999999999990e-01
2.839999999999999545e+03 1.056490000000000068e-01
2.849999999999999545e+03 9.541789999999999994e-02
2.859999999999999545e+03 8.574809999999999377e-02
2.870000000000000000e+03 7.661220000000000530e-02
2.880000000000000000e+03 6.833050000000000235e-02
2.890000000000000000e+03 6.050309999999999716e-02
2.900000000000000000e+03 5.312410000000000049e-02
2.910000000000000000e+03 4.623519999999999713e-02
2.920000000000000000e+03 3.967199999999999893e-02
2.930000000000000000e+03 3.346330000000000138e-02
2.940000000000000000e+03 2.765719999999999984e-02
2.950000000000000000e+03 2.229130000000000000e-02
2.960000000000000000e+03 1.740010000000000168e-02
2.970000000000000000e+03 1.303739999999999934e-02
2.980000000000000000e+03 9.245190000000000352e-03
2.990000000000000000e+03 6.052929999999999769e-03
3.000000000000000000e+03 3.508260000000000024e-03
3.010000000000000000e+03 3.540559999999999888e-03
3.020000000000000000e+03 3.572670000000000012e-03
3.030000000000000000e+03 3.600949999999999897e-03
3.040000000000000000e+03 3.626729999999999884e-03
3.050000000000000000e+03 3.652460000000000168e-03
3.060000000000000000e+03 3.673720000000000110e-03
3.070000000000000000e+03 3.692990000000000161e-03
3.080000000000000000e+03 3.711480000000000074e-03
3.090000000000000000e+03 3.728029999999999799e-03
3.100000000000000000e+03 3.743289999999999812e-03
3.110000000000000000e+03 3.757659999999999906e-03
3.120000000000000000e+03 3.770400000000000140e-03
3.130000000000000000e+03 3.781520000000000020e-03
3.140000000000000000e+03 3.791829999999999940e-03
3.150000000000000000e+03 3.801430000000000173e-03
3.160000000000000000e+03 3.809560000000000030e-03
3.170000000000000000e+03 3.816949999999999944e-03
3.180000000000000000e+03 3.823870000000000047e-03
3.190000000000000000e+03 3.829609999999999785e-03
3.200000000000000000e+03 3.834670000000000092e-03
3.210000000000000000e+03 3.839060000000000042e-03
3.220000000000000000e+03 3.842630000000000091e-03
3.230000000000000000e+03 3.845900000000000186e-03
3.240000000000000000e+03 3.848509999999999865e-03
3.250000000000000000e+03 3.850820000000000024e-03
3.260000000000000000e+03 3.852690000000000194e-03
3.270000000000000000e+03 3.854240000000000096e-03
3.280000000000000000e+03 3.855630000000000081e-03
3.290000000000000000e+03 3.856140000000000088e-03
3.300000000000000000e+03 3.856300000000000006e-03
3.310000000000000000e+03 3.855649999999999963e-03
3.320000000000000000e+03 3.854939999999999842e-03
3.330000000000000000e+03 3.854170000000000079e-03
3.340000000000000000e+03 3.852539999999999784e-03
3.350000000000000000e+03 3.850539999999999952e-03
3.360000000000000000e+03 3.847929999999999840e-03
3.370000000000000000e+03 3.845209999999999947e-03
3.380000000000000000e+03 3.841960000000000167e-03
3.390000000000000455e+03 3.838450000000000195e-03
3.400000000000000455e+03 3.833930000000000150e-03
3.410000000000000455e+03 3.829079999999999897e-03
3.420000000000000455e+03 3.823730000000000011e-03
3.430000000000000455e+03 3.817559999999999790e-03
3.439999999999999545e+03 3.810580000000000044e-03
3.449999999999999545e+03 3.802639999999999926e-03
3.459999999999999545e+03 3.794060000000000141e-03
3.469999999999999545e+03 3.784290000000000050e-03
3.479999999999999545e+03 3.774029999999999833e-03
3.489999999999999545e+03 3.761640000000000122e-03
3.500000000000000000e+03 3.748379999999999941e-03
3.510000000000000000e+03 3.733180000000000005e-03
3.520000000000000000e+03 3.717569999999999902e-03
3.530000000000000000e+03 3.698700000000000078e-03
3.540000000000000000e+03 3.679140000000000015e-03
3.550000000000000000e+03 3.657619999999999882e-03
3.560000000000000000e+03 3.635760000000000033e-03
3.570000000000000000e+03 3.612139999999999795e-03
3.580000000000000000e+03 3.587700000000000090e-03
3.590000000000000000e+03 3.563250000000000011e-03
3.600000000000000000e+03 3.538809999999999872e-03
3.610000000000000000e+03 3.517940000000000216e-03
3.620000000000000000e+03 3.498820000000000142e-03
3.630000000000000000e+03 3.484239999999999993e-03
3.640000000000000000e+03 3.473690000000000198e-03
3.650000000000000000e+03 3.465859999999999861e-03
3.660000000000000000e+03 3.465660000000000181e-03
3.670000000000000000e+03 3.466040000000000093e-03
3.680000000000000000e+03 3.475419999999999898e-03
3.690000000000000000e+03 3.482750000000000169e-03
3.700000000000000000e+03 3.499159999999999857e-03
3.710000000000000000e+03 3.513730000000000065e-03
3.720000000000000000e+03 3.534010000000000189e-03
3.730000000000000000e+03 3.554630000000000029e-03
3.740000000000000000e+03 3.577630000000000046e-03
3.750000000000000000e+03 3.602290000000000179e-03
3.760000000000000000e+03 3.627169999999999873e-03
3.770000000000000000e+03 3.654000000000000130e-03
3.780000000000000000e+03 3.680409999999999845e-03
3.790000000000000000e+03 3.706450000000000022e-03
3.800000000000000000e+03 3.732370000000000045e-03
3.810000000000000000e+03 3.757069999999999941e-03
3.820000000000000000e+03 3.781329999999999848e-03
3.830000000000000000e+03 3.805499999999999855e-03
3.840000000000000000e+03 3.829490000000000064e-03
3.850000000000000000e+03 3.853590000000000054e-03
3.860000000000000000e+03 3.759310000000000082e-03
3.870000000000000000e+03 3.663930000000000138e-03
3.880000000000000000e+03 3.567020000000000173e-03
3.890000000000000000e+03 3.468629999999999890e-03
3.900000000000000000e+03 3.368959999999999837e-03
3.910000000000000000e+03 3.266419999999999914e-03
3.920000000000000000e+03 3.162929999999999995e-03
3.930000000000000000e+03 3.057770000000000019e-03
3.940000000000000000e+03 2.951239999999999940e-03
3.950000000000000000e+03 2.843689999999999846e-03
3.960000000000000000e+03 2.734299999999999838e-03
3.970000000000000000e+03 2.624079999999999989e-03
3.980000000000000000e+03 2.512350000000000000e-03
3.990000000000000000e+03 2.399409999999999824e-03
4.000000000000000000e+03 2.285699999999999885e-03
4.010000000000000455e+03 2.170819999999999955e-03
4.020000000000000455e+03 2.055180000000000201e-03
4.030000000000000455e+03 1.938360000000000083e-03
4.040000000000000455e+03 1.820430000000000052e-03
4.050000000000000455e+03 1.701830000000000096e-03
4.060000000000000455e+03 1.582620000000000077e-03
4.069999999999999545e+03 1.462739999999999917e-03
4.079999999999999545e+03 1.342059999999999954e-03
4.089999999999999545e+03 1.220289999999999960e-03
4.100000000000000000e+03 1.097909999999999902e-03
4.110000000000000000e+03 9.747949999999999801e-04
4.120000000000000000e+03 8.509810000000000031e-04
4.130000000000000000e+03 7.265929999999999871e-04
4.140000000000000000e+03 6.015629999999999459e-04
4.150000000000000000e+03 4.759540000000000038e-04
4.160000000000000000e+03 4.766489999999999963e-04
4.170000000000000000e+03 4.772949999999999762e-04
4.180000000000000000e+03 4.779389999999999789e-04
4.190000000000000000e+03 4.785780000000000112e-04
4.200000000000000000e+03 4.791369999999999765e-04
4.210000000000000000e+03 4.797000000000000049e-04
4.220000000000000000e+03 4.802410000000000121e-04
4.230000000000000000e+03 4.807289999999999979e-04
4.240000000000000000e+03 4.812199999999999768e-04
4.250000000000000000e+03 4.817120000000000256e-04
4.260000000000000000e+03 4.822030000000000045e-04
4.270000000000000000e+03 4.826979999999999921e-04
4.280000000000000000e+03 4.831479999999999759e-04
4.290000000000000000e+03 4.835519999999999944e-04
4.300000000000000000e+03 4.839600000000000217e-04
4.310000000000000000e+03 4.843579999999999999e-04
4.320000000000000000e+03 4.847499999999999921e-04
4.330000000000000000e+03 4.851440000000000158e-04
4.340000000000000000e+03 4.855050000000000077e-04
4.350000000000000000e+03 4.858320000000000065e-04
4.360000000000000000e+03 4.861619999999999982e-04
4.370000000000000000e+03 4.864739999999999776e-04
4.380000000000000000e+03 4.867590000000000198e-04
4.390000000000000000e+03 4.870459999999999850e-04
4.400000000000000000e+03 4.873260000000000027e-04
4.410000000000000000e+03 4.875920000000000167e-04
4.420000000000000000e+03 4.878600000000000081e-04
4.430000000000000000e+03 4.881099999999999870e-04
4.440000000000000000e+03 4.882820000000000389e-04
4.450000000000000000e+03 4.884569999999999754e-04
4.460000000000000000e+03 4.886330000000000361e-04
4.470000000000000000e+03 4.888600000000000324e-04
4.480000000000000000e+03 4.890889999999999517e-04
4.490000000000000000e+03 4.893210000000000268e-04
4.500000000000000000e+03 4.894769999999999894e-04
4.510000000000000000e+03 4.896160000000000095e-04
4.520000000000000000e+03 4.897560000000000455e-04
4.530000000000000000e+03 4.899029999999999748e-04
4.540000000000000000e+03 4.900570000000000143e-04
4.550000000000000000e+03 4.902119999999999611e-04
4.560000000000000000e+03 4.903620000000000461e-04
4.570000000000000000e+03 4.904850000000000312e-04
4.580000000000000000e+03 4.906090000000000321e-04
4.590000000000000000e+03 4.907340000000000486e-04
4.600000000000000000e+03 4.908339999999999969e-04
4.610000000000000000e+03 4.909279999999999590e-04
4.620000000000000000e+03 4.910230000000000454e-04
4.630000000000000000e+03 4.911219999999999778e-04
4.640000000000000000e+03 4.912259999999999890e-04
4.650000000000000000e+03 4.913320000000000317e-04
4.660000000000000000e+03 4.914389999999999818e-04
4.670000000000000000e+03 4.914449999999999678e-04
4.680000000000000000e+03 4.914420000000000290e-04
4.690000000000000000e+03 4.914399999999999975e-04
4.700000000000000000e+03 4.914589999999999714e-04
4.710000000000000000e+03 4.915120000000000470e-04
4.720000000000000000e+03 4.915650000000000141e-04
4.730000000000000000e+03 4.916200000000000127e-04
4.740000000000000000e+03 4.915409999999999615e-04
4.750000000000000000e+03 4.914270000000000096e-04
4.760000000000000000e+03 4.913120000000000421e-04
4.770000000000000000e+03 4.912070000000000151e-04
4.780000000000000000e+03 4.912080000000000309e-04
4.790000000000000000e+03 4.912099999999999540e-04
4.800000000000000000e+03 4.912109999999999697e-04
4.810000000000000000e+03 4.911930000000000116e-04
4.820000000000000000e+03 4.911429999999999832e-04
4.830000000000000000e+03 4.910949999999999864e-04
4.840000000000000000e+03 4.910459999999999738e-04
4.850000000000000000e+03 4.909890000000000521e-04
4.860000000000000000e+03 4.909299999999999905e-04
4.870000000000000000e+03 4.908710000000000373e-04
4.880000000000000000e+03 4.908129999999999915e-04
4.890000000000000000e+03 4.907499999999999753e-04
4.900000000000000000e+03 4.906879999999999749e-04
4.910000000000000000e+03 4.906259999999999745e-04
4.920000000000000000e+03 4.905639999999999740e-04
4.930000000000000000e+03 4.904819999999999840e-04
4.940000000000000000e+03 4.903999999999999939e-04
4.950000000000000000e+03 4.903190000000000196e-04
4.960000000000000000e+03 4.902360000000000138e-04
4.970000000000000000e+03 4.901390000000000044e-04
4.980000000000000000e+03 4.900419999999999950e-04
4.990000000000000000e+03 4.899460000000000013e-04
5.000000000000000000e+03 4.898460000000000531e-04
5.010000000000000000e+03 4.897099999999999717e-04
5.020000000000000000e+03 4.895739999999999988e-04
5.030000000000000000e+03 4.894380000000000258e-04
5.040000000000000000e+03 4.893029999999999602e-04
5.050000000000000000e+03 4.892159999999999998e-04
5.060000000000000000e+03 4.891280000000000237e-04
5.070000000000000000e+03 4.890409999999999549e-04
5.080000000000000000e+03 4.889539999999999945e-04
5.090000000000000000e+03 4.887949999999999847e-04
5.100000000000000000e+03 4.886279999999999573e-04
5.110000000000000000e+03 4.884610000000000384e-04
5.120000000000000000e+03 4.882940000000000110e-04
5.130000000000000000e+03 4.881420000000000030e-04
5.140000000000000000e+03 4.879959999999999810e-04
5.150000000000000000e+03 4.878500000000000132e-04
5.160000000000000000e+03 4.877060000000000227e-04
5.170000000000000000e+03 4.875519999999999832e-04
5.180000000000000000e+03 4.873829999999999786e-04
5.190000000000000000e+03 4.872139999999999739e-04
5.200000000000000000e+03 4.870470000000000008e-04
5.210000000000000000e+03 4.868769999999999804e-04
5.220000000000000000e+03 4.866989999999999966e-04
5.230000000000000000e+03 4.865219999999999744e-04
5.240000000000000000e+03 4.863450000000000065e-04
5.250000000000000000e+03 4.861679999999999843e-04
5.260000000000000000e+03 4.859730000000000039e-04
5.270000000000000000e+03 4.857670000000000130e-04
5.280000000000000000e+03 4.855600000000000064e-04
5.290000000000000000e+03 4.853529999999999997e-04
5.300000000000000000e+03 4.851519999999999791e-04
5.310000000000000000e+03 4.849879999999999990e-04
5.320000000000000000e+03 4.848249999999999804e-04
5.330000000000000000e+03 4.846620000000000160e-04
5.340000000000000000e+03 4.845000000000000131e-04
5.350000000000000000e+03 4.843140000000000119e-04
5.360000000000000000e+03 4.841129999999999912e-04
5.370000000000000000e+03 4.839110000000000091e-04
5.380000000000000000e+03 4.837110000000000042e-04
5.390000000000000000e+03 4.835099999999999836e-04
5.400000000000000000e+03 4.832969999999999909e-04
5.410000000000000000e+03 4.830820000000000209e-04
5.420000000000000000e+03 4.828680000000000125e-04
5.430000000000000000e+03 4.826540000000000040e-04
5.440000000000000000e+03 4.824410000000000113e-04
5.450000000000000000e+03 4.822319999999999732e-04
5.460000000000000000e+03 4.820219999999999735e-04
5.470000000000000000e+03 4.818119999999999738e-04
5.480000000000000000e+03 4.816019999999999741e-04
5.490000000000000000e+03 4.813759999999999936e-04
5.500000000000000000e+03 4.811249999999999988e-04
5.510000000000000000e+03 4.808720000000000269e-04
5.520000000000000909e+03 4.806190000000000006e-04
5.530000000000000909e+03 4.803659999999999744e-04
5.540000000000000909e+03 4.801299999999999991e-04
5.550000000000000909e+03 4.799129999999999976e-04
5.560000000000000909e+03 4.796959999999999961e-04
5.570000000000000909e+03 4.794779999999999789e-04
5.580000000000000909e+03 4.792609999999999774e-04
5.590000000000000909e+03 4.790230000000000247e-04
5.600000000000000909e+03 4.787629999999999967e-04
5.610000000000000909e+03 4.785030000000000229e-04
5.620000000000000909e+03 4.782429999999999949e-04
5.629999999999999091e+03 4.779830000000000211e-04
5.639999999999999091e+03 4.777350000000000194e-04
5.649999999999999091e+03 4.775070000000000074e-04
5.659999999999999091e+03 4.772800000000000111e-04
5.669999999999999091e+03 4.770519999999999991e-04
5.679999999999999091e+03 4.768239999999999870e-04
5.689999999999999091e+03 4.765829999999999871e-04
5.699999999999999091e+03 4.763090000000000097e-04
5.709999999999999091e+03 4.434969999999999993e-04
5.719999999999999091e+03 4.124190000000000234e-04
5.729999999999999091e+03 3.830109999999999960e-04
5.740000000000000000e+03 3.552119999999999865e-04
5.750000000000000000e+03 3.289699999999999894e-04
5.760000000000000000e+03 3.042149999999999867e-04
5.770000000000000000e+03 2.808910000000000183e-04
5.780000000000000000e+03 2.589390000000000224e-04
5.790000000000000000e+03 2.383049999999999893e-04
5.800000000000000000e+03 2.189380000000000102e-04
5.810000000000000000e+03 2.007839999999999939e-04
5.820000000000000000e+03 1.837859999999999917e-04
5.830000000000000000e+03 1.678949999999999909e-04
5.840000000000000000e+03 1.530609999999999902e-04
5.850000000000000000e+03 1.392350000000000044e-04
5.860000000000000000e+03 1.263679999999999936e-04
5.870000000000000000e+03 1.144169999999999991e-04
5.880000000000000000e+03 1.033380000000000057e-04
5.890000000000000000e+03 9.308590000000000267e-05
5.900000000000000000e+03 8.361929999999999407e-05
5.910000000000000000e+03 7.489369999999999751e-05
5.920000000000000000e+03 6.687040000000000269e-05
5.930000000000000000e+03 5.951180000000000169e-05
5.940000000000000000e+03 5.277989999999999928e-05
5.950000000000000000e+03 4.663760000000000220e-05
5.960000000000000000e+03 4.104930000000000015e-05
5.970000000000000000e+03 3.598039999999999859e-05
5.980000000000000000e+03 3.139749999999999881e-05
5.990000000000000000e+03 2.726820000000000093e-05
6.000000000000000000e+03 2.356130000000000090e-05
6.010000000000000000e+03 2.024680000000000070e-05
6.020000000000000000e+03 1.729580000000000134e-05
6.030000000000000000e+03 1.468059999999999968e-05
6.040000000000000000e+03 1.237449999999999985e-05
6.050000000000000000e+03 1.035210000000000038e-05
6.060000000000000000e+03 8.588790000000000823e-06
6.070000000000000000e+03 7.061430000000000254e-06
6.080000000000000000e+03 5.747850000000000372e-06
6.090000000000000000e+03 4.626999999999999914e-06
6.100000000000000000e+03 3.678939999999999881e-06
6.110000000000000000e+03 2.884859999999999854e-06
6.120000000000000000e+03 2.227030000000000004e-06
6.130000000000000000e+03 1.688840000000000080e-06
6.140000000000000000e+03 1.254759999999999994e-06
6.150000000000000000e+03 9.103400000000000373e-07
6.160000000000000000e+03 9.059410000000000520e-07
6.170000000000000000e+03 9.015509999999999974e-07
6.180000000000000000e+03 8.971750000000000117e-07
6.190000000000000000e+03 8.928079999999999568e-07
6.200000000000000000e+03 8.884600000000000028e-07
6.210000000000000000e+03 8.842059999999999966e-07
6.220000000000000000e+03 8.799690000000000362e-07
6.230000000000000000e+03 8.757469999999999604e-07
6.240000000000000000e+03 8.715420000000000362e-07
6.250000000000000000e+03 8.673549999999999737e-07
6.260000000000000000e+03 8.631809999999999523e-07
6.270000000000000000e+03 8.588939999999999881e-07
6.280000000000000000e+03 8.545730000000000383e-07
6.290000000000000000e+03 8.502509999999999550e-07
6.300000000000000000e+03 8.459200000000000468e-07
6.310000000000000000e+03 8.415789999999999684e-07
6.320000000000000000e+03 8.372240000000000330e-07
6.330000000000000000e+03 8.329310000000000090e-07
6.340000000000000000e+03 8.287630000000000474e-07
6.350000000000000000e+03 8.246080000000000211e-07
6.360000000000000000e+03 8.204610000000000039e-07
6.370000000000000000e+03 8.163270000000000279e-07
6.380000000000000000e+03 8.122030000000000103e-07
6.390000000000000000e+03 8.080899999999999787e-07
6.400000000000000000e+03 8.039819999999999792e-07
6.410000000000000000e+03 7.998849999999999657e-07
6.420000000000000000e+03 7.957980000000000166e-07
6.430000000000000000e+03 7.917199999999999982e-07
6.440000000000000000e+03 7.876520000000000441e-07
6.450000000000000000e+03 7.835919999999999932e-07
6.460000000000000000e+03 7.795369999999999744e-07
6.470000000000000000e+03 7.754760000000000017e-07
6.480000000000000000e+03 7.714249999999999875e-07
6.490000000000000000e+03 7.673800000000000330e-07
6.500000000000000000e+03 7.633440000000000093e-07
6.510000000000000000e+03 7.593140000000000454e-07
6.520000000000000000e+03 7.552919999999999846e-07
6.530000000000000000e+03 7.513519999999999639e-07
6.540000000000000000e+03 7.475420000000000376e-07
6.550000000000000000e+03 7.437469999999999960e-07
6.560000000000000000e+03 7.399690000000000002e-07
6.570000000000000000e+03 7.362040000000000455e-07
6.580000000000000000e+03 7.324550000000000032e-07
6.590000000000000000e+03 7.287209999999999513e-07
6.600000000000000000e+03 7.249070000000000206e-07
6.610000000000000000e+03 7.210030000000000407e-07
6.620000000000000000e+03 7.171069999999999639e-07
6.630000000000000000e+03 7.132160000000000253e-07
6.640000000000000000e+03 7.093319999999999622e-07
6.650000000000000000e+03 7.054509999999999819e-07
6.660000000000000000e+03 7.015769999999999830e-07
6.670000000000000000e+03 6.977080000000000164e-07
6.680000000000000000e+03 6.938420000000000266e-07
6.690000000000000000e+03 6.899819999999999907e-07
6.700000000000000000e+03 6.861250000000000376e-07
6.710000000000000000e+03 6.822719999999999832e-07
6.720000000000000000e+03 6.784199999999999564e-07
6.730000000000000000e+03 6.745720000000000400e-07
6.740000000000000000e+03 6.707229999999999901e-07
6.750000000000000000e+03 6.668709999999999633e-07
6.760000000000000000e+03 6.630199999999999641e-07
6.770000000000000909e+03 6.591699999999999925e-07
6.780000000000000909e+03 6.553210000000000485e-07
6.790000000000000909e+03 6.514730000000000262e-07
6.800000000000000909e+03 6.476239999999999763e-07
6.810000000000000909e+03 6.437759999999999540e-07
6.820000000000000909e+03 6.402739999999999535e-07
6.830000000000000909e+03 6.368719999999999605e-07
6.840000000000000909e+03 6.334849999999999580e-07
6.850000000000000909e+03 6.301109999999999968e-07
6.860000000000000909e+03 6.267529999999999478e-07
6.870000000000000909e+03 6.234089999999999676e-07
6.879999999999999091e+03 6.200789999999999504e-07
6.889999999999999091e+03 6.167619999999999743e-07
6.899999999999999091e+03 6.134599999999999888e-07
6.909999999999999091e+03 6.101710000000000445e-07
6.919999999999999091e+03 6.068969999999999849e-07
6.929999999999999091e+03 6.036359999999999665e-07
6.939999999999999091e+03 6.003890000000000169e-07
6.949999999999999091e+03 5.971560000000000302e-07
6.959999999999999091e+03 5.939380000000000341e-07
6.969999999999999091e+03 5.905289999999999538e-07
6.979999999999999091e+03 5.869199999999999643e-07
6.990000000000000000e+03 5.833109999999999747e-07
7.000000000000000000e+03 5.797030000000000129e-07
7.010000000000000000e+03 5.760959999999999727e-07
7.020000000000000000e+03 5.724880000000000108e-07
7.030000000000000000e+03 5.688800000000000489e-07
7.040000000000000000e+03 5.652709999999999535e-07
7.050000000000000000e+03 5.616669999999999961e-07
7.060000000000000000e+03 5.580710000000000478e-07
7.070000000000000000e+03 5.544720000000000167e-07
7.080000000000000000e+03 5.508710000000000363e-07
7.090000000000000000e+03 5.472660000000000513e-07
7.100000000000000000e+03 5.436590000000000112e-07
7.110000000000000000e+03 5.400489999999999941e-07
7.120000000000000000e+03 5.364330000000000231e-07
7.130000000000000000e+03 5.330660000000000433e-07
7.140000000000000000e+03 5.300839999999999972e-07
7.150000000000000000e+03 5.271160000000000198e-07
7.160000000000000000e+03 5.241609999999999778e-07
7.170000000000000000e+03 5.212200000000000046e-07
7.180000000000000000e+03 5.182929999999999943e-07
7.190000000000000000e+03 5.153779999999999977e-07
7.200000000000000000e+03 5.124760000000000422e-07
7.210000000000000000e+03 5.094680000000000195e-07
7.220000000000000000e+03 5.059850000000000141e-07
7.230000000000000000e+03 5.024990000000000317e-07
7.240000000000000000e+03 4.990109999999999941e-07
7.250000000000000000e+03 4.955170000000000027e-07
7.260000000000000000e+03 4.920209999999999560e-07
7.270000000000000000e+03 4.885180000000000338e-07
7.280000000000000000e+03 4.850110000000000011e-07
7.290000000000000000e+03 4.814990000000000422e-07
7.300000000000000000e+03 4.785150000000000467e-07
7.310000000000000000e+03 4.757699999999999781e-07
7.320000000000000000e+03 4.730360000000000014e-07
7.330000000000000000e+03 4.703170000000000153e-07
7.340000000000000000e+03 4.676090000000000151e-07
7.350000000000000000e+03 4.649140000000000032e-07
7.360000000000000000e+03 4.622319999999999796e-07
7.370000000000000000e+03 4.595620000000000225e-07
7.380000000000000000e+03 4.569040000000000261e-07
7.390000000000000000e+03 4.535470000000000047e-07
7.400000000000000000e+03 4.501859999999999788e-07
7.410000000000000000e+03 4.468199999999999737e-07
7.420000000000000000e+03 4.434489999999999893e-07
7.430000000000000000e+03 4.400740000000000005e-07
7.440000000000000000e+03 4.366930000000000048e-07
7.450000000000000000e+03 4.333060000000000023e-07
7.460000000000000000e+03 4.299129999999999931e-07
7.470000000000000000e+03 4.266029999999999985e-07
7.480000000000000000e+03 4.240970000000000156e-07
7.490000000000000000e+03 4.216029999999999934e-07
7.500000000000000000e+03 4.191220000000000124e-07
7.510000000000000000e+03 4.166509999999999899e-07
7.520000000000000000e+03 4.141930000000000085e-07
7.530000000000000000e+03 4.117469999999999878e-07
7.540000000000000000e+03 4.093120000000000060e-07
7.550000000000000000e+03 4.068889999999999849e-07
7.560000000000000000e+03 4.044770000000000027e-07
7.570000000000000000e+03 4.012329999999999771e-07
7.580000000000000000e+03 3.979840000000000253e-07
7.590000000000000000e+03 3.947319999999999906e-07
7.600000000000000000e+03 3.914729999999999744e-07
7.610000000000000000e+03 3.882089999999999791e-07
7.620000000000000000e+03 3.849389999999999769e-07
7.630000000000000000e+03 3.816630000000000209e-07
7.640000000000000000e+03 3.783810000000000052e-07
7.650000000000000000e+03 3.750909999999999803e-07
7.660000000000000000e+03 3.725159999999999986e-07
7.670000000000000000e+03 3.702579999999999793e-07
7.680000000000000000e+03 3.680109999999999990e-07
7.690000000000000000e+03 3.657750000000000047e-07
7.700000000000000000e+03 3.635499999999999963e-07
7.710000000000000000e+03 3.613359999999999740e-07
7.720000000000000000e+03 3.591340000000000182e-07
7.730000000000000000e+03 3.569420000000000208e-07
7.740000000000000000e+03 3.547610000000000094e-07
7.750000000000000000e+03 3.524980000000000109e-07
7.760000000000000000e+03 3.494070000000000264e-07
7.770000000000000000e+03 3.463110000000000098e-07
7.780000000000000000e+03 3.432109999999999887e-07
7.790000000000000000e+03 3.401050000000000137e-07
7.800000000000000000e+03 3.369929999999999789e-07
7.810000000000000000e+03 3.338749999999999903e-07
7.820000000000000000e+03 3.307520000000000225e-07
7.830000000000000000e+03 3.276220000000000203e-07
7.840000000000000000e+03 3.244849999999999837e-07
7.850000000000000000e+03 3.216820000000000081e-07
7.860000000000000000e+03 3.196769999999999845e-07
7.870000000000000000e+03 3.176839999999999746e-07
7.880000000000000000e+03 3.157000000000000013e-07
7.890000000000000000e+03 3.137250000000000117e-07
7.900000000000000000e+03 3.117610000000000082e-07
7.910000000000000000e+03 3.098079999999999906e-07
7.920000000000000000e+03 3.078640000000000097e-07
7.930000000000000000e+03 3.059310000000000149e-07
7.940000000000000000e+03 3.040070000000000037e-07
7.950000000000000000e+03 3.018869999999999821e-07
7.960000000000000000e+03 2.989469999999999835e-07
7.970000000000000000e+03 2.960020000000000058e-07
7.980000000000000000e+03 2.930519999999999959e-07
7.990000000000000000e+03 2.900970000000000069e-07
8.000000000000000000e+03 2.871369999999999857e-07
8.010000000000000000e+03 2.841710000000000106e-07
8.020000000000000909e+03 2.812000000000000034e-07
8.030000000000000909e+03 2.782229999999999894e-07
8.040000000000000909e+03 2.752400000000000215e-07
8.050000000000000909e+03 2.722500000000000192e-07
8.060000000000000909e+03 2.703740000000000095e-07
8.070000000000000909e+03 2.686310000000000183e-07
8.080000000000000909e+03 2.668970000000000109e-07
8.090000000000000909e+03 2.651719999999999872e-07
8.100000000000000909e+03 2.634560000000000001e-07
8.110000000000000909e+03 2.617500000000000244e-07
8.120000000000000909e+03 2.600520000000000048e-07
8.129999999999999091e+03 2.583639999999999966e-07
8.139999999999999091e+03 2.566850000000000251e-07
8.149999999999999091e+03 2.550140000000000096e-07
8.159999999999999091e+03 2.530200000000000250e-07
8.169999999999999091e+03 2.502500000000000075e-07
8.179999999999999091e+03 2.474770000000000130e-07
8.189999999999999091e+03 2.447000000000000140e-07
8.200000000000000000e+03 2.419179999999999829e-07
8.210000000000000000e+03 2.391329999999999748e-07
8.220000000000000000e+03 2.363429999999999876e-07
8.230000000000000000e+03 2.335489999999999958e-07
8.240000000000000000e+03 2.307489999999999972e-07
8.250000000000000000e+03 2.279449999999999940e-07
8.260000000000000000e+03 2.251350000000000105e-07
8.270000000000000000e+03 2.226949999999999966e-07
8.280000000000000000e+03 2.208249999999999938e-07
8.290000000000000000e+03 2.189650000000000023e-07
8.300000000000000000e+03 2.171159999999999968e-07
8.310000000000000000e+03 2.152770000000000026e-07
8.320000000000000000e+03 2.134469999999999922e-07
8.330000000000000000e+03 2.116289999999999954e-07
8.340000000000000000e+03 2.098200000000000087e-07
8.350000000000000000e+03 2.080220000000000081e-07
8.360000000000000000e+03 2.062329999999999912e-07
8.370000000000000000e+03 2.044549999999999868e-07
8.380000000000000000e+03 2.026869999999999938e-07
8.390000000000000000e+03 2.009280000000000109e-07
8.400000000000000000e+03 1.991799999999999876e-07
8.410000000000000000e+03 1.974420000000000021e-07
8.420000000000000000e+03 1.957140000000000014e-07
8.430000000000000000e+03 1.939950000000000110e-07
8.440000000000000000e+03 1.922870000000000065e-07
8.450000000000000000e+03 1.905880000000000123e-07
8.460000000000000000e+03 1.888990000000000029e-07
8.470000000000000000e+03 1.872200000000000049e-07
8.480000000000000000e+03 1.855499999999999906e-07
8.490000000000000000e+03 1.838909999999999888e-07
8.500000000000000000e+03 1.822399999999999960e-07
8.510000000000000000e+03 1.805999999999999893e-07
8.520000000000000000e+03 1.789689999999999927e-07
8.530000000000000000e+03 1.773480000000000075e-07
8.540000000000000000e+03 1.757360000000000061e-07
8.550000000000000000e+03 1.741329999999999884e-07
8.560000000000000000e+03 1.725410000000000096e-07
8.570000000000000000e+03 1.709579999999999880e-07
8.580000000000000000e+03 1.693840000000000032e-07
8.590000000000000000e+03 1.678190000000000021e-07
8.600000000000000000e+03 1.662630000000000112e-07
8.610000000000000000e+03 1.647170000000000052e-07
8.620000000000000000e+03 1.631810000000000105e-07
8.630000000000000000e+03 1.616539999999999995e-07
8.640000000000000000e+03 1.601349999999999976e-07
8.650000000000000000e+03 1.586260000000000071e-07
8.660000000000000000e+03 1.571270000000000014e-07
8.670000000000000000e+03 1.556360000000000048e-07
8.680000000000000000e+03 1.541539999999999919e-07
8.690000000000000000e+03 1.526809999999999892e-07
8.700000000000000000e+03 1.512179999999999979e-07
8.710000000000000000e+03 1.497629999999999892e-07
8.720000000000000000e+03 1.483169999999999906e-07
8.730000000000000000e+03 1.468800000000000023e-07
8.740000000000000000e+03 1.454529999999999989e-07
8.750000000000000000e+03 1.440340000000000045e-07
8.760000000000000000e+03 1.426229999999999927e-07
8.770000000000000000e+03 1.412219999999999923e-07
8.780000000000000000e+03 1.398290000000000009e-07
8.790000000000000000e+03 1.384449999999999933e-07
8.800000000000000000e+03 1.370699999999999959e-07
8.810000000000000000e+03 1.357030000000000075e-07
8.820000000000000000e+03 1.343460000000000040e-07
8.830000000000000000e+03 1.329960000000000085e-07
8.840000000000000000e+03 1.316559999999999978e-07
8.850000000000000000e+03 1.303229999999999951e-07
8.860000000000000000e+03 1.289990000000000026e-07
8.870000000000000000e+03 1.276839999999999938e-07
8.880000000000000000e+03 1.263769999999999940e-07
8.890000000000000000e+03 1.250790000000000045e-07
8.900000000000000000e+03 1.237889999999999976e-07
8.910000000000000000e+03 1.225069999999999997e-07
8.920000000000000000e+03 1.212340000000000121e-07
8.930000000000000000e+03 1.199690000000000071e-07
8.940000000000000000e+03 1.187119999999999979e-07
8.950000000000000000e+03 1.174629999999999977e-07
8.960000000000000000e+03 1.162219999999999934e-07
8.970000000000000000e+03 1.149899999999999993e-07
8.980000000000000000e+03 1.137660000000000011e-07
8.990000000000000000e+03 1.125499999999999987e-07
9.000000000000000000e+03 1.113420000000000053e-07
9.010000000000000000e+03 1.101409999999999934e-07
9.020000000000000000e+03 1.089500000000000061e-07
9.030000000000000000e+03 1.077649999999999992e-07
9.040000000000000000e+03 1.065890000000000024e-07
9.050000000000000000e+03 1.054210000000000015e-07
9.060000000000000000e+03 1.042599999999999952e-07
9.070000000000000000e+03 1.031079999999999992e-07
9.080000000000000000e+03 1.019619999999999968e-07
9.090000000000000000e+03 1.008260000000000057e-07
9.100000000000000000e+03 9.969610000000000028e-08
9.110000000000000000e+03 9.857449999999999373e-08
9.120000000000000000e+03 9.746050000000000109e-08
9.130000000000000000e+03 9.635429999999999347e-08
9.140000000000000000e+03 9.525550000000000219e-08
9.150000000000000000e+03 9.416410000000000077e-08
9.160000000000000000e+03 9.308060000000000301e-08
9.170000000000000000e+03 9.200440000000000294e-08
9.180000000000000000e+03 9.093569999999999815e-08
9.190000000000000000e+03 8.987469999999999943e-08
9.200000000000000000e+03 8.882080000000000083e-08
9.210000000000000000e+03 8.777439999999999749e-08
9.220000000000000000e+03 8.673539999999999725e-08
9.230000000000000000e+03 8.570369999999999471e-08
9.240000000000000000e+03 8.467919999999999767e-08
9.250000000000000000e+03 8.366210000000000374e-08
9.260000000000000000e+03 8.265189999999999910e-08
9.270000000000000000e+03 8.164940000000000055e-08
9.280000000000000000e+03 8.065369999999999912e-08
9.290000000000000000e+03 7.966520000000000320e-08
9.300000000000000000e+03 7.868379999999999416e-08
9.310000000000000000e+03 7.770940000000000630e-08
9.320000000000000000e+03 7.674210000000000530e-08
9.330000000000000000e+03 7.578190000000000442e-08
9.340000000000000000e+03 7.482860000000000607e-08
9.350000000000000000e+03 7.388210000000000484e-08
9.360000000000000000e+03 7.294279999999999589e-08
9.370000000000000000e+03 7.201020000000000513e-08
9.380000000000000000e+03 7.108470000000000124e-08
9.390000000000000000e+03 7.016570000000000473e-08
9.400000000000000000e+03 6.925339999999999993e-08
9.410000000000000000e+03 6.834810000000000306e-08
9.420000000000000000e+03 6.744949999999999792e-08
9.430000000000000000e+03 6.655729999999999473e-08
9.440000000000000000e+03 6.567229999999999706e-08
9.450000000000000000e+03 6.479359999999999595e-08
9.460000000000000000e+03 6.392149999999999438e-08
9.470000000000000000e+03 6.305609999999999776e-08
9.480000000000000000e+03 6.219710000000000311e-08
9.490000000000000000e+03 6.134480000000000017e-08
9.500000000000000000e+03 6.049879999999999378e-08
9.510000000000000000e+03 5.965909999999999719e-08
9.520000000000000000e+03 5.882600000000000014e-08
9.530000000000000000e+03 5.799939999999999722e-08
9.540000000000000000e+03 5.717909999999999748e-08
9.550000000000000000e+03 5.636500000000000212e-08
9.560000000000000000e+03 5.555719999999999670e-08
9.570000000000000000e+03 5.475570000000000107e-08
9.580000000000000000e+03 5.396050000000000200e-08
9.590000000000000000e+03 5.317140000000000190e-08
9.600000000000000000e+03 5.238849999999999957e-08
9.610000000000000000e+03 5.161190000000000041e-08
9.620000000000000000e+03 5.084130000000000144e-08
9.630000000000000000e+03 5.007659999999999725e-08
9.640000000000000000e+03 4.931820000000000284e-08
9.650000000000000000e+03 4.856580000000000201e-08
9.660000000000000000e+03 4.781930000000000257e-08
9.670000000000000000e+03 4.707869999999999791e-08
9.680000000000000000e+03 4.634419999999999884e-08
9.690000000000000000e+03 4.561550000000000238e-08
9.700000000000000000e+03 4.489260000000000191e-08
9.710000000000000000e+03 4.417570000000000163e-08
9.720000000000000000e+03 4.346449999999999854e-08
9.730000000000000000e+03 4.275909999999999806e-08
9.740000000000000000e+03 4.205950000000000019e-08
9.750000000000000000e+03 4.136569999999999830e-08
9.760000000000000000e+03 4.067729999999999725e-08
9.770000000000000000e+03 3.999479999999999759e-08
9.780000000000000000e+03 3.931800000000000174e-08
9.790000000000000000e+03 3.864660000000000011e-08
9.800000000000000000e+03 3.798079999999999689e-08
9.810000000000000000e+03 3.732059999999999870e-08
9.820000000000000000e+03 3.666599999999999891e-08
9.830000000000000000e+03 3.601670000000000116e-08
9.840000000000000000e+03 3.537300000000000182e-08
9.850000000000000000e+03 3.473480000000000210e-08
9.860000000000000000e+03 3.410189999999999781e-08
9.870000000000000000e+03 3.347419999999999676e-08
9.880000000000000000e+03 3.285210000000000074e-08
9.890000000000000000e+03 3.223510000000000256e-08
9.900000000000000000e+03 3.162349999999999859e-08
9.910000000000000000e+03 3.101720000000000328e-08
9.920000000000000000e+03 3.041609999999999798e-08
9.930000000000000000e+03 2.981999999999999835e-08
9.940000000000000000e+03 2.922939999999999835e-08
9.950000000000000000e+03 2.864380000000000070e-08
9.960000000000000000e+03 2.806319999999999880e-08
9.970000000000000000e+03 2.748789999999999893e-08
9.980000000000000000e+03 2.691749999999999933e-08
9.990000000000000000e+03 2.635209999999999878e-08
1.000000000000000000e+04 2.579179999999999938e-08
1.000999999999999818e+04 2.539140000000000064e-08
1.002000000000000000e+04 2.499540000000000159e-08
1.002999999999999818e+04 2.460390000000000103e-08
1.004000000000000000e+04 2.421670000000000138e-08
1.004999999999999818e+04 2.383390000000000142e-08
1.006000000000000000e+04 2.345539999999999905e-08
1.006999999999999818e+04 2.308120000000000090e-08
1.008000000000000000e+04 2.271120000000000156e-08
1.008999999999999818e+04 2.234540000000000103e-08
1.010000000000000000e+04 2.198379999999999930e-08
1.010999999999999818e+04 2.162630000000000089e-08
1.012000000000000000e+04 2.127289999999999920e-08
1.012999999999999818e+04 2.092360000000000083e-08
1.014000000000000000e+04 2.057830000000000038e-08
1.014999999999999818e+04 2.023700000000000115e-08
1.016000000000000000e+04 1.989969999999999984e-08
1.016999999999999818e+04 1.956630000000000098e-08
1.018000000000000000e+04 1.923680000000000123e-08
1.018999999999999818e+04 1.891109999999999852e-08
1.020000000000000000e+04 1.858930000000000156e-08
1.020999999999999818e+04 1.827119999999999952e-08
1.022000000000000000e+04 1.795699999999999993e-08
1.023000000000000000e+04 1.764639999999999978e-08
1.024000000000000000e+04 1.733959999999999997e-08
1.025000000000000000e+04 1.703639999999999961e-08
1.026000000000000000e+04 1.673679999999999870e-08
1.027000000000000000e+04 1.644089999999999934e-08
1.028000000000000000e+04 1.614850000000000064e-08
1.029000000000000000e+04 1.585959999999999929e-08
1.030000000000000000e+04 1.557430000000000070e-08
1.031000000000000000e+04 1.529240000000000067e-08
1.032000000000000000e+04 1.501400000000000130e-08
1.033000000000000000e+04 1.473900000000000049e-08
1.034000000000000000e+04 1.446739999999999990e-08
1.035000000000000000e+04 1.419910000000000073e-08
1.036000000000000000e+04 1.393420000000000013e-08
1.037000000000000000e+04 1.367259999999999929e-08
1.038000000000000000e+04 1.341419999999999944e-08
1.039000000000000000e+04 1.315900000000000057e-08
1.040000000000000000e+04 1.290709999999999982e-08
1.041000000000000000e+04 1.265829999999999960e-08
1.042000000000000000e+04 1.241270000000000037e-08
1.043000000000000000e+04 1.217020000000000001e-08
1.044000000000000000e+04 1.193080000000000020e-08
1.045000000000000000e+04 1.169449999999999927e-08
1.046000000000000000e+04 1.146120000000000009e-08
1.047000000000000000e+04 1.123089999999999934e-08
1.048000000000000000e+04 1.100349999999999990e-08
1.049000000000000000e+04 1.077919999999999934e-08
1.050000000000000000e+04 1.055769999999999964e-08
1.051000000000000000e+04 1.033920000000000003e-08
1.052000000000000000e+04 1.012349999999999963e-08
1.053000000000000000e+04 9.910659999999999358e-09
1.054000000000000000e+04 9.700639999999999704e-09
1.055000000000000000e+04 9.493409999999999377e-09
1.056000000000000000e+04 9.288940000000000392e-09
1.057000000000000000e+04 9.087209999999999683e-09
1.058000000000000000e+04 8.888189999999999268e-09
1.059000000000000000e+04 8.691859999999999389e-09
1.060000000000000000e+04 8.498180000000000529e-09
1.061000000000000000e+04 8.307139999999999502e-09
1.062000000000000000e+04 8.118709999999999978e-09
1.063000000000000000e+04 7.932860000000000666e-09
1.064000000000000000e+04 7.749570000000000154e-09
1.065000000000000000e+04 7.568810000000000460e-09
1.066000000000000000e+04 7.390570000000000050e-09
1.067000000000000000e+04 7.214810000000000235e-09
1.068000000000000000e+04 7.041499999999999724e-09
1.069000000000000000e+04 6.870640000000000171e-09
1.070000000000000000e+04 6.702190000000000407e-09
1.071000000000000000e+04 6.536129999999999845e-09
1.072000000000000000e+04 6.372429999999999676e-09
1.073000000000000000e+04 6.211070000000000142e-09
1.074000000000000000e+04 6.052029999999999831e-09
1.075000000000000000e+04 5.895289999999999812e-09
1.076000000000000000e+04 5.740819999999999621e-09
1.077000000000000000e+04 5.588600000000000326e-09
1.078000000000000000e+04 5.438599999999999810e-09
1.079000000000000000e+04 5.290809999999999848e-09
1.080000000000000000e+04 5.145209999999999854e-09
1.081000000000000000e+04 5.001760000000000314e-09
1.082000000000000000e+04 4.860449999999999692e-09
1.083000000000000000e+04 4.721250000000000007e-09
1.084000000000000000e+04 4.584149999999999726e-09
1.085000000000000000e+04 4.449120000000000038e-09
1.086000000000000000e+04 4.316140000000000359e-09
1.087000000000000000e+04 4.185190000000000103e-09
1.088000000000000000e+04 4.056260000000000218e-09
1.089000000000000000e+04 3.929299999999999656e-09
1.090000000000000000e+04 3.804319999999999949e-09
1.091000000000000000e+04 3.681279999999999927e-09
1.092000000000000000e+04 3.560170000000000125e-09
1.093000000000000000e+04 3.440960000000000079e-09
1.094000000000000000e+04 3.323639999999999909e-09
1.095000000000000000e+04 3.208179999999999979e-09
1.096000000000000000e+04 3.094569999999999996e-09
1.097000000000000000e+04 2.982790000000000202e-09
1.098000000000000000e+04 2.872810000000000133e-09
1.099000000000000000e+04 2.764610000000000031e-09
1.100000000000000000e+04 2.658189999999999896e-09
